20
20
5
9
0
0
9
9
-21.1234
56.6198
59.688
82.3295
-60.4897
-32.9554
53.6459
-44.4451
10.794
-4.52059
25.7742
-27.0431
2.68018
90.4459
83.239
27.1423
43.4594
-71.6795
21.3938
-96.7399
-51.4226
-72.5537
60.8354
-68.6642
-19.8111
-74.0419
-78.2382
99.7849
-56.3486
2.58648
67.8224
22.528
-40.7937
27.5105
4.85744
-1.2834
94.555
-41.4966
54.2715
5.349
53.9828
-19.9543
78.3059
-43.3371
-29.5083
61.5449
83.8053
-86.0489
89.8654
5.19907
-82.7888
-61.5572
32.6454
78.0465
-30.2214
-87.1657
-95.9954
-8.45965
-87.3808
-52.344
94.1268
80.4416
70.184
-46.6669
7.95207
-24.9586
52.0497
2.50707
33.5448
6.32129
-92.1439
-12.4725
86.367
86.162
44.1905
-43.1413
47.7069
27.9958
-29.1903
37.5723
-66.8052
-11.9791
76.015
65.8402
-33.9326
-54.2064
78.6745
-29.928
37.334
91.2937
17.728
31.4608
71.7353
-12.088
84.794
-20.3127
62.9534
36.8437
82.1944
-3.50187
-56.835
90.0505
84.0257
-70.468
76.2124
28.2161
-13.6093
23.9193
-43.7881
57.2004
-38.5084
-10.5933
-54.7787
-62.4934
-44.7531
11.2888
-16.6997
-66.0786
81.3608
-79.3658
-74.7849
-0.911187
52.095
96.9503
87.0008
36.889
-23.3623
49.9542
-26.2673
-41.1679
-53.5477
16.8977
-51.1175
-69.522
46.4297
-74.905
58.6941
-67.1796
49.0143
-85.094
90.0208
-89.4941
4.31268
-64.7579
-51.9875
59.5596
46.5309
31.3127
93.481
27.8917
51.947
-81.3039
-73.0195
4.04201
-84.3536
-86.0187
-59.069
-7.71591
63.9355
14.6637
51.1162
-89.6122
-68.4386
99.9987
-59.1343
77.9911
-74.9063
99.5598
-89.1885
74.108
-85.5342
-99.1677
84.6138
18.7784
-63.9255
-67.3737
-21.662
82.6053
63.939
-28.1809
10.497
15.886
-9.48483
37.4775
-80.072
6.1616
51.4588
-39.141
98.4457
15.3942
75.5228
49.5619
25.782
-92.9158
49.5606
66.6477
85.0753
74.6543
66.2075
95.8868
48.7622
80.6733
96.7191
33.3761
-0.548296
-67.2064
66.0024
77.7898
-84.6011
29.9414
-50.3912
25.8959
-54.1726
40.124
-36.6266
-34.2446
-53.7144
-85.1678
26.6144
-55.2687
30.2264
2.13719
94.2931
-43.9916
9.22138
43.8537
-77.3439
-5.70331
18.508
88.8636
-9.81649
-32.7298
69.5369
-13.0973
-99.3537
-31.0114
19.6963
66.6487
-53.2217
35.0952
-3.40994
-3.61284
-39.0089
42.4175
-63.4888
24.3646
-91.8271
-17.2033
39.1968
34.7873
27.528
-30.5768
-63.0755
21.8212
25.4316
0
0
9
9
46.1459
-34.3251
48.0877
-59.5574
84.1829
36.9513
30.6261
-48.5469
6.48819
-82.4713
-47.9006
75.4768
37.225
-81.252
-77.7449
-27.6798
15.3381
18.6423
33.3113
-42.2444
55.1534
-42.3241
-34.0716
-62.0498
96.8726
-99.2843
65.4782
-33.7042
-62.3598
-12.7006
91.7274
83.7861
52.9743
39.8151
-75.7714
37.1572
-23.2336
54.8547
88.6103
83.2546
72.3834
-59.2904
58.7314
9.60841
-40.5423
80.9865
81.9286
74.7958
-0.371215
15.2399
-67.4487
-45.2178
72.9158
-1.52024
-7.26757
69.7884
-0.804521
-41.7893
-63.9158
36.8357
45.5101
-72.1884
20.6218
-1.51566
67.6267
44.8504
-64.3585
-55.6069
-0.294904
-75.7482
-72.3523
-27.9115
-35.0386
86.3791
81.6969
24.4191
67.3656
63.6255
-0.785116
-33.0057
-21.1346
31.7662
21.7766
-48.2188
-69.754
-85.491
-78.4303
29.4415
-27.2803
-42.3461
-33.7228
-81.7703
-14.5345
86.8989
16.7141
-46.9077
31.7493
52.3556
-2.51463
-68.5456
76.6073
25.1331
3.54294
-58.4313
11.5121
-14.7601
65.9878
-21.1223
-51.1346
-34.7973
45.872
27.7308
96.9689
-32.3514
79.5121
-72.7851
-17.8424
-98.9183
56.6564
54.8772
-41.2644
-77.0664
73.107
44.2012
-90.1675
-10.179
97.2934
41.5818
-57.8234
-5.2212
73.0362
-81.2161
-80.0881
-23.4208
-39.6474
31.424
61.8191
-73.6596
-89.6983
-89.3155
-8.45688
56.1737
38.4153
-11.488
-76.1777
17.9273
15.727
5.97984
19.0091
-27.6166
-39.1429
77.7447
-4.68307
-66.0359
21.9458
5.14942
23.7851
19.2392
-53.2688
65.9617
-85.982
-80.2325
84.7456
-66.0701
-3.65333
-54.9018
65.3539
-41.8343
-28.5614
75.6555
-31.1498
62.9817
31.8292
-92.7345
-48.5062
55.6515
25.1928
67.2207
-38.3687
-55.7981
-60.3959
22.4884
-78.0535
34.921
56.4525
43.8924
-59.9295
-19.7625
-36.8684
-13.1983
-53.8008
-22.8504
6.5692
-69.0552
11.0795
-97.0841
-23.9571
-23.5666
-38.9184
47.4815
-47.911
29.9318
10.4633
83.9182
37.1973
61.9571
39.5696
-37.6099
29.1778
-98.799
6.59197
68.7819
23.6894
28.5385
3.70298
-19.8582
-27.5691
43.7734
60.3793
35.5625
-69.4248
-93.4215
-87.2879
37.1444
-62.4767
23.7917
40.0602
13.5662
-99.7749
-98.8582
-38.9522
-47.6859
31.0736
71.511
-63.7678
-31.7291
33.4681
75.8019
30.661
-37.3541
77.0028
-62.747
-68.5722
0.692197
65.7915
35.1308
80.834
-61.7777
-21.0957
41.2133
73.7848
9.47942
47.7919
86.4969
-53.3762
0
0
9
9
85.3152
10.2886
86.684
-1.11862
10.5137
87.8258
59.9291
62.8277
18.8995
31.4402
99.06
87.1703
-35.0917
74.8619
17.8313
27.5542
51.8647
55.0843
58.982
-47.4431
20.8758
-5.88716
-66.6091
59.0981
73.0171
74.6043
32.8829
-17.5035
22.3961
19.3798
29.1203
7.7113
-70.3316
15.8043
-93.4073
40.1821
3.63013
66.5218
3.00982
-77.4704
-2.038
2.06981
-90.3001
62.8703
-23.0683
27.5313
-9.57552
-71.2036
-17.3844
-50.5935
-18.6467
-96.5087
43.5193
14.7442
62.5894
16.5365
-10.6515
-4.52772
99.033
-88.2554
-85.1479
28.1533
19.456
-55.4795
-56.0424
26.0486
84.7025
47.5877
-7.42955
-12.2876
70.1173
90.5325
89.7822
79.8172
53.4027
-33.2862
7.3485
-56.1728
-4.48975
89.9641
-6.76628
76.8636
93.4554
-63.2469
-8.3922
56.0448
53.2895
80.9563
-48.4829
52.3225
92.701
-33.6308
-19.5242
12.1569
10.8896
24.4333
-61.7945
-4.40782
-27.979
30.776
83.3045
-57.8617
21.3084
73.0867
-78.0445
-25.2888
-60.1995
29.304
18.5384
35.3108
19.2681
-88.2279
12.1744
12.7235
-51.4748
-96.2178
-31.2317
-98.1853
84.7385
20.2853
54.1372
77.4394
86.6545
-65.3871
-10.4037
-2.45586
59.0463
27.8018
93.1363
-68.9327
-41.4222
76.4409
-26.7944
79.8863
49.5276
-4.83887
-45.4026
89.3281
-75.5348
73.1358
24.6389
43.7333
84.9079
-63.1868
-43.5432
-66.5669
-59.4046
25.225
-64.7522
-74.6662
-54.4896
89.3849
-97.2267
-67.8351
-76.0021
-7.63044
29.709
83.0441
-79.8286
22.8453
-85.8886
-21.2508
-0.713807
-12.683
-41.3645
-51.1863
82.4781
13.2329
-61.8582
-93.0567
-13.6313
62.7807
50.6765
-28.7234
99.594
-92.8667
4.70968
-59.8106
32.3583
39.9574
-34.4768
77.8687
29.3424
-31.7035
-89.9664
53.3402
60.666
39.7426
36.3843
80.8374
-37.4121
50.4957
-40.4134
61.8741
-62.1873
18.2221
-89.3121
-79.7092
-68.545
-51.1703
-72.7659
17.8237
-88.3895
77.9106
89.1003
-88.7956
85.0439
-6.19
-48.6062
17.4022
-66.2326
16.917
-4.72907
63.1098
85.2135
5.30451
16.45
45.8795
-54.9529
-47.1656
26.717
7.63506
-96.6699
86.3036
-30.4908
-58.8572
4.52573
-19.8029
-38.5663
35.9808
29.0268
-11.3322
-46.1955
40.6372
-33.4216
-57.0952
51.8417
-48.3777
36.7148
-96.7645
69.0246
70.4822
20.1525
-35.7045
33.592
5.36604
69.6
-49.9579
-48.7544
-85.3529
2.87644
77.9625
22.2822
6.20655
64.2662
0
0
9
9
91.7914
47.3494
-31.2081
-28.0116
-91.2169
-95.2274
-98.9848
-2.54917
-41.4229
41.6525
64.0292
1.48191
-6.50583
-84.3484
-61.8033
-3.27033
84.6762
-91.3211
-83.1178
-51.0283
42.271
22.2482
-81.4283
92.313
73.4938
-66.7812
-4.81053
51.4564
55.501
-98.604
15.7225
47.2924
48.7454
84.5144
-80.7192
57.5285
89.287
-79.7039
-45.0207
-52.1358
61.9486
-80.9915
49.3461
-44.5573
-65.3399
87.5428
52.1724
-80.6637
96.2217
69.0546
-31.6921
38.4927
-8.69716
-13.1204
30.8057
-35.2034
20.0984
-74.0048
-83.747
-24.4006
-72.6088
31.9755
-77.1082
76.1366
16.4899
-57.8274
33.6651
5.77697
-37.5313
88.6444
53.6411
-75.5828
-92.347
2.98719
-20.14
-57.6869
-9.47003
-67.9676
-38.3506
-13.2483
-98.913
29.9573
-74.7556
-7.61019
-83.1631
56.0501
57.1865
36.9354
82.0453
73.4395
-87.4652
-90.5635
5.41499
-64.5734
85.5732
-78.0951
-22.4008
19.2383
27.6819
40.0679
7.88268
-18.677
64.4852
15.5357
84.3102
-55.6548
57.8487
-25.1598
-23.6225
-80.5019
61.5919
-22.5355
49.4554
86.8362
69.8543
66.2924
42.8863
27.0408
3.22771
24.9316
0.480253
15.7625
34.3682
-94.1048
51.1891
19.9413
-72.1998
-71.2117
-60.8204
55.482
68.8562
47.0623
-63.1949
33.3414
-37.4021
-78.8847
77.6866
-79.5533
-4.04457
-45.9359
-60.0552
-42.4527
31.5286
89.4002
-55.6165
1.38293
55.6925
87.2698
-71.5763
-41.0797
12.2015
28.904
74.6828
-53.4304
34.7992
25.8719
66.5109
62.5994
54.6602
-94.3095
18.0814
23.5164
52.7528
54.8865
-43.1421
-84.6493
76.0017
-65.4556
-64.2027
-28.0428
-11.3915
-24.2579
29.5044
-79.8629
-34.8577
73.888
21.5201
-79.1652
61.1578
49.9438
-20.2449
-26.6407
-21.1522
-45.5621
19.9289
-86.353
80.3097
-13.5602
76.2463
34.9699
-7.86967
-5.67224
-41.5137
-55.1169
-50.7858
15.3442
-39.7662
-74.784
49.8886
-3.9689
-2.82685
-61.5028
71.7732
-73.3224
-41.3657
-63.0845
-99.4344
80.1544
-42.2497
61.7234
30.0981
37.5054
-64.9174
-91.0541
91.9433
55.0115
-77.4071
72.253
-58.5487
98.8392
7.22291
33.5817
-6.83305
65.7093
78.4648
42.3812
-18.9465
-61.3015
67.5972
-69.0579
34.7296
-35.2297
-30.5607
6.50283
-8.55207
28.0736
43.4183
-7.98651
8.22792
-98.8314
-46.2632
-61.6739
38.6741
-11.1805
-52.728
30.6173
-56.169
-30.1352
2.87034
-14.7177
-31.296
-89.9067
-81.136
61.871
75.8025
0
0
9
9
97.3287
4.25216
-43.144
-63.9727
-28.1507
-12.2019
70.7569
36.6197
57.2373
-22.7403
-71.9324
-14.6891
-79.322
20.0811
93.5388
-78.1533
73.8179
-68.1351
60.5207
-37.3626
-20.8632
-8.86192
6.46838
49.0017
94.0084
91.7507
-82.2943
-95.8983
-89.3853
79.5766
79.9042
-92.0566
-16.1712
-63.2398
-56.0293
55.6781
24.5583
-85.2724
-7.70222
-18.2044
-8.0127
20.3654
67.1065
12.6653
-59.5535
60.6453
34.512
-85.7356
92.5102
-4.96723
-23.0982
-28.3529
86.1709
83.3702
-79.3513
80.1793
75.1209
-61.6456
84.2809
85.7355
-82.069
64.1851
93.6789
1.75978
-99.0547
-62.3504
-42.5621
25.5036
-47.6228
49.7357
-92.7008
44.3645
-29.8989
74.4057
-42.9702
10.5475
35.051
91.5419
24.8119
27.5612
-13.4254
-98.2863
99.2083
-27.2545
85.0839
-80.143
-47.0752
60.2048
-41.7886
-62.7943
45.9403
-23.8576
-98.6092
39.6193
77.9022
-97.6639
77.2689
-64.6599
27.8397
-70.3539
85.0757
35.1389
74.0105
-44.8232
9.54457
-68.9596
65.7243
-55.4044
-77.4178
-9.46377
72.1568
9.15689
-7.75005
71.3652
81.9024
-22.6661
91.2222
-65.1729
-62.4614
-50.5664
-27.9671
83.4789
25.576
-26.5763
23.0982
3.47815
-24.2402
0.367067
38.8182
-96.4005
30.0131
23.894
38.7384
4.02365
79.0707
-51.717
35.064
44.7951
-7.12142
57.6463
-64.6687
-34.9646
-33.1968
27.5812
-63.5994
-51.2945
-95.0849
-72.3773
-16.4673
-57.5463
-22.9437
55.5655
-74.0673
-97.3677
-71.0108
49.0309
6.11044
4.74907
-50.6021
-55.0713
8.3486
79.4111
68.8226
-52.913
-16.5653
47.8933
-4.63
-81.5013
-7.3116
88.2486
76.145
28.0197
-46.716
-57.0518
-44.3991
-10.3154
-8.34629
-39.484
17.3073
75.1864
2.96976
94.3636
30.7519
28.9024
96.9959
59.7412
-22.0667
3.10637
-35.5098
27.3313
48.035
72.8389
6.74233
16.8576
-80.0741
90.1771
-35.249
15.2959
-91.3242
57.4394
3.54445
84.8208
-14.5409
56.8284
-72.231
41.06
-53.487
19.4227
-98.424
63.8203
-5.3909
4.54578
58.184
-74.639
-66.5518
55.1799
85.1022
11.3815
-41.7137
-50.4075
-61.2872
-93.6787
-77.5687
45.4551
23.1789
-57.6428
35.6322
87.9299
57.6531
44.308
45.3692
-38.8025
29.1288
-69.1717
-81.9741
56.8978
71.8883
-35.461
-23.6795
73.4643
-71.6407
70.9296
-21.9899
86.5432
96.2907
11.4583
41.7231
81.3929
-77.1602
-99.9906
-69.0147
-38.4474
-93.6694
-46.5834
-92.9922
0
0
9
9
29.5095
-4.22618
42.64
17.4394
-46.5731
-13.052
-37.1914
14.6244
-83.9232
-6.36308
32.6503
72.9746
-34.4748
97.1893
-50.7049
-61.0105
-74.4515
-79.7753
16.9996
-87.9082
-83.4846
-71.5421
53.8149
97.9083
-48.7023
53.8243
-71.1064
12.8503
60.1549
-17.6898
19.8581
-10.3355
78.0841
-37.5019
-92.8961
-68.4891
49.4461
-30.0875
46.1353
65.5229
63.5494
-21.2144
38.4975
-70.9254
-24.0251
87.7927
-31.9359
1.52343
-91.9826
85.0637
13.6152
-75.4672
-86.4784
-32.5699
-77.5589
-35.1807
-78.7456
-48.6653
77.6696
81.4093
33.6449
-2.47224
-28.9263
11.729
60.0259
-21.8224
43.2399
9.47199
48.0901
-10.6248
-25.0051
11.6395
68.1608
-86.5075
40.7141
-55.8643
-98.7149
-91.2217
45.6591
-90.6975
93.842
-40.7257
-66.1647
-92.6365
26.7044
-43.7236
-27.8172
47.9588
7.61107
-50.1476
29.3681
-58.744
47.3802
-99.5582
52.9849
7.40604
-21.3805
-3.77517
-83.122
-73.2904
85.6
-8.12705
38.3491
53.7609
5.3654
-20.9368
97.8966
6.65052
-12.1585
43.5557
15.9531
-18.3166
-97.17
49.7884
-10.9531
29.5345
-93.9352
61.2297
-22.5067
13.6759
-88.9179
-93.1386
54.9319
58.4623
-92.6968
7.91679
-34.1317
-14.0773
-95.8584
-17.2536
12.6322
89.7416
74.6193
-49.0187
43.5025
-20.0153
30.0445
41.3991
86.6352
-82.1141
-15.0453
2.58828
-0.430643
-12.2152
-47.6233
88.6163
-82.6808
-41.5585
49.846
-5.18749
72.1174
60.9281
1.67388
27.0492
19.3904
8.97709
-65.034
85.2588
94.8997
-60.8924
-31.9949
7.53196
-71.1507
-57.3756
58.5132
72.3517
22.6092
-11.4423
13.7508
9.24438
6.44367
98.7055
-88.1673
-93.987
-13.5097
-35.7907
94.6293
3.80956
22.6508
44.4753
98.6221
-5.23182
5.40346
0.295953
-78.1826
-75.2061
-90.727
-43.2166
-89.9473
-95.8272
-4.10899
-21.9422
11.7047
24.7403
20.6822
-29.782
-2.90799
-56.7086
58.7757
-89.1572
52.5358
-34.7806
-90.4516
64.3684
-28.7676
-3.96133
-71.4222
-34.1383
99.8482
51.2286
-89.663
98.4703
-54.0032
15.7405
-1.23373
-32.1858
40.5344
8.0393
24.5976
50.587
12.2121
-79.5114
-71.3552
-76.0832
45.2288
49.327
-5.86519
-57.6791
92.6184
-47.0895
-46.8363
45.1542
18.1299
-37.288
9.52259
89.3623
58.7507
38.1003
-44.776
58.5989
-10.6711
-34.439
57.0692
35.3257
81.3015
-44.1645
-96.8602
21.8359
63.8748
27.7374
-27.5771
-23.9131
48.226
1.06776
0.00371966
0
0
9
9
-6.54517
-49.6052
94.1385
35.7757
-56.9868
-52.951
88.9394
88.1674
65.1789
-48.3486
-2.31001
54.5412
-89.5979
-64.2097
-90.2348
69.001
25.1193
-24.6738
26.0702
-39.555
-43.3723
81.9057
-36.4152
78.4636
45.7805
91.3222
-49.1135
-78.1326
39.5482
51.9543
21.8712
-66.997
-97.6509
16.0097
68.7787
-54.6377
63.0587
57.7181
-66.4703
28.2376
-90.6305
31.2197
-17.2212
-80.2285
67.01
-7.45602
88.7725
-7.8707
67.8701
14.8427
52.5743
-75.5022
-3.25153
-83.8409
-97.0386
-57.471
-92.5187
-46.1521
-35.6036
47.0295
-94.1979
86.2676
80.0325
-91.8488
2.27727
48.8112
-46.4865
-34.664
6.52932
-12.9568
93.5736
15.8988
-81.7372
-23.6476
35.6703
85.2729
68.8964
24.4428
-22.5978
36.7666
-60.7145
-70.0236
61.2644
36.034
-53.8645
64.2258
78.563
-46.3833
-81.9264
-57.0405
-99.3538
-76.1242
-70.7729
80.6787
-67.9731
31.5043
29.4899
-14.4596
96.8403
-63.9807
72.5836
90.4139
51.918
90.8464
-33.2336
-12.4117
76.1193
-64.3372
-87.9689
-46.4785
72.4293
-48.6833
-16.5021
33.6937
87.3507
29.6333
-2.08053
65.9137
83.2501
15.9931
-91.1268
83.8963
39.8688
-61.8997
64.575
71.8958
69.6046
-5.93504
-42.5638
66.445
30.0842
-69.9802
56.8589
-17.9977
-79.1338
-76.3747
69.5906
96.9855
-40.7119
81.6217
-49.4931
-68.2826
-67.0616
34.0048
65.4111
-79.7109
-36.3618
-36.6694
86.2028
-53.1117
79.3237
95.0761
-69.2154
19.1925
-66.8236
95.3596
-8.91168
-97.219
-10.5755
48.5245
69.2259
-80.4913
78.5443
26.0849
1.511
99.4105
49.7101
-28.8984
96.396
-91.0018
-47.2767
-53.0971
-59.2844
-14.3383
80.9077
-93.8733
5.95081
-55.4541
-30.5427
-7.84635
-8.56588
-51.219
-12.7703
22.2187
67.9735
20.4061
17.5782
-40.9381
23.1871
-92.9972
-92.4136
-7.587
-73.4885
86.1307
-81.5021
28.0225
85.5412
68.208
99.1241
81.9371
77.2062
-48.1526
-71.16
-82.0782
37.5091
-90.2523
-75.9515
-56.5401
-45.7064
-6.49414
35.6136
45.7277
42.2869
-77.1567
-32.0536
10.2604
43.2494
85.5246
69.3223
-33.5636
92.5274
76.9087
58.8494
-80.9611
63.0394
77.3473
47.0614
48.5805
45.5553
46.1855
30.5176
22.7614
98.0329
59.3576
40.6832
35.542
69.1053
64.7318
79.0019
-76.6011
-41.7624
14.6155
69.1266
-99.4755
37.4588
-62.927
10.7849
-19.2919
-77.4024
-19.8928
47.1445
-84.875
-42.9841
5.99394
-65.8361
0
0
9
9
-79.9447
-16.6588
81.2253
68.6358
-71.1035
27.4108
-0.846565
51.6579
25.4437
-41.4889
-7.65884
-39.0143
-72.3836
-42.9271
-60.0124
-48.9847
15.3106
54.6031
-79.8581
15.8351
-7.93812
-42.7851
-73.38
72.77
-20.1875
6.72727
19.9145
-5.06257
63.7432
-74.0915
29.1013
83.7985
9.24969
10.3266
52.4343
38.1461
-62.2626
-48.4123
-10.1959
63.1811
10.0988
82.1452
-75.8332
37.7152
-60.7818
-35.8456
88.7305
54.5288
-81.2425
-91.1276
-29.6361
10.8194
-33.9128
-3.01611
-16.4106
45.8997
-96.2888
-96.496
-59.1629
67.4544
-70.5876
69.9384
51.2528
38.6621
-19.735
3.68711
-23.1917
18.0024
55.2748
66.6123
-18.8165
-34.6264
48.7575
5.35024
-96.9112
87.9757
69.5047
91.8192
42.5045
88.2622
-99.3084
-87.1317
-0.918401
-33.2211
9.85221
82.671
-87.3214
13.5634
86.175
-46.4843
-18.9823
-84.4126
-76.5459
-67.7294
54.2495
3.71914
35.9577
-68.9422
-78.2785
-8.7675
97.6701
2.90497
56.6061
46.4277
-91.7448
59.6949
34.4034
77.7599
51.5141
-23.0922
66.022
52.2057
-10.2238
-34.8964
-81.0154
99.6284
-52.2253
-68.3368
13.1917
-66.0504
-14.8212
94.2095
-50.4629
8.63297
-73.52
-96.2134
-87.6479
62.4377
-65.1556
-65.9264
-46.3298
-67.4855
36.9786
-89.7237
78.9422
45.2338
69.9712
13.3456
22.9937
21.4853
90.2534
-10.9843
-26.309
-19.9704
54.1194
-7.32437
-20.3421
-98.106
24.3388
92.8497
-64.1563
-90.4824
87.0592
-14.6193
18.1506
-86.4608
-10.8327
30.5027
75.9769
24.0117
64.5764
-70.3529
56.5262
1.55495
-60.0765
35.4683
-53.2112
-90.1054
-51.1861
69.7824
31.3799
-60.9327
-41.2018
-94.929
19.0969
-87.0825
-2.25338
98.7548
-85.1885
-77.9146
91.6045
-49.3448
-68.397
78.6636
36.0359
49.7537
92.2028
-74.7968
-19.7436
68.1797
49.2149
-55.1673
97.8269
5.74108
46.3877
-62.2497
-58.7906
93.1765
-52.355
-9.97668
62.9589
79.0249
29.0906
-78.243
84.0959
-51.8125
-65.3254
-18.1575
-53.0578
-50.5139
3.92793
-61.4533
0.141311
35.531
-82.7897
-63.8228
-14.7154
-90.5868
-38.6195
65.541
77.5929
-89.4046
-89.6262
75.4198
16.3364
56.7615
-86.8299
57.5459
49.9379
-39.1849
-52.4308
12.8968
-60.16
76.6598
34.6539
-76.0641
-75.1527
69.3284
5.77842
-28.2105
-81.1855
-90.2937
10.3362
18.9558
45.2373
27.5465
55.1331
-69.478
36.9597
-83.4865
96.063
14.5526
-72.8911
-93.5632
-10.0276
0
0
9
9
43.4453
63.1983
3.1425
0.991204
13.1362
63.9576
48.5604
-73.967
-96.2024
25.2202
60.6869
-72.2665
50.0674
30.0153
33.5119
-78.1431
48.8299
43.2182
32.1931
-32.2143
-11.5444
-40.2603
-77.0812
18.9775
96.6994
-60.5677
15.0406
11.252
-33.4588
21.4773
-98.7756
-90.0134
-15.3244
4.36689
10.9778
97.8118
-31.6755
-40.4618
-76.1552
-27.8779
84.7583
84.5317
-0.144476
34.8258
14.547
-66.6326
56.6827
-36.6231
76.5857
-11.1242
31.1626
-34.9588
48.6155
54.0813
84.0188
45.3149
93.5137
-0.94069
-43.4331
-39.9451
-79.4634
-42.2087
-29.9585
5.21224
62.1582
81.0193
3.02401
-69.5173
-59.4425
26.8688
2.60473
-74.6842
11.4005
-97.5397
60.1416
-74.0525
-64.1723
16.8242
-10.6757
-87.5867
-94.2999
-79.5131
-22.5455
54.3156
74.5682
-38.5267
-0.36948
68.0819
60.5326
56.1974
-71.8632
81.0692
-86.0112
-1.8217
-13.7185
76.147
-20.8024
89.3055
-93.3704
19.755
16.1743
9.23436
45.0708
-72.4252
11.6946
5.21239
-46.4777
47.5223
-77.9634
42.8466
59.9356
-72.2633
63.3335
-62.6099
82.0523
37.9017
-1.13657
-18.3172
5.9836
-40.604
-62.1197
34.1204
-59.5347
-48.131
-67.7013
26.7468
-71.984
11.4963
16.0523
-65.3544
-68.7487
-67.7734
43.88
76.3222
-40.1986
-44.4254
-18.4654
13.3236
-96.9031
3.57119
-43.8298
63.0325
31.3079
-80.4963
-99.5774
13.3602
57.4054
-0.713963
95.043
-36.611
58.6821
-67.0767
97.5094
99.1473
-15.2077
-70.1919
25.8941
12.8083
41.3044
-58.0536
47.4539
72.5557
-25.8271
-8.66607
48.8779
33.9743
46.9085
-69.5875
-52.7021
50.0054
33.9837
3.46812
13.0379
-34.7084
22.9718
13.4605
78.6518
-19.6228
-87.2535
73.6948
43.7662
71.4286
-93.3819
41.2756
70.5759
-8.58952
71.0838
-3.52994
-95.7812
12.3882
38.4164
51.6728
-15.0561
-87.4106
-56.9933
-66.1782
46.5637
89.9152
-35.7657
93.8616
39.9206
98.218
-2.67033
-47.0415
-36.4905
-79.6985
66.419
-57.8387
0.678713
79.1655
-84.1439
-55.5551
50.5941
-77.5258
85.7206
21.1701
13.8847
56.8044
-82.3599
18.1035
-30.8075
56.0566
-30.2237
54.1365
68.6459
12.783
87.9583
15.2096
2.69817
-47.8074
9.07114
-57.3812
-49.5895
-93.5992
-4.42269
13.9201
-73.2977
-38.0037
56.0814
27.381
-58.8382
71.9375
71.826
91.756
94.4117
57.5466
12.9261
8.29643
14.3509
30.5662
-73.6
83.5434
-13.3772
-3.82377
37.6799
6
0
0
9
9
-91.0408
25.6382
70.4783
11.6574
77.8308
-20.4506
54.2762
-71.7587
-14.0497
-50.1465
42.1614
12.6526
11.8498
-1.75725
-59.9664
53.0116
-29.8198
-88.1405
44.7676
-35.4081
69.4061
-42.3063
72.8884
-16.243
88.2599
99.2883
-32.6995
-25.1174
-4.53545
-95.0196
30.1513
4.42373
30.6185
0.629619
-83.9189
8.44931
80.1791
70.3573
36.6906
-33.8707
-79.7893
-21.148
78.7819
32.0605
77.0948
-81.1845
-14.9279
-52.725
-69.325
-70.1603
11.8669
-99.9189
-12.4666
-15.2447
-16.1619
-24.2068
-15.9564
51.1386
50.6758
79.5082
56.119
-19.1728
-16.0681
-13.2625
81.4568
0.0130012
95.1868
61.6358
-29.6297
31.8774
-72.2349
-9.41903
-89.2705
-93.453
-77.3585
87.8242
-74.6375
7.71358
-64.9008
-43.9625
37.5533
46.9662
-43.8814
-74.9134
-68.2785
39.9568
0.87985
15.7651
-8.90465
-48.4443
-4.72674
-52.7857
32.3828
79.2052
33.9518
13.8396
-20.7818
29.1386
-24.5246
49.5884
-38.984
3.24058
-59.8306
-28.2545
9.7876
-37.1891
-40.4303
35.1501
70.5244
-5.33106
91.1876
8.07773
-58.3649
-52.6938
33.1644
-26.6434
87.263
-65.9558
89.1216
-21.6417
-14.4001
-15.6051
25.5726
-82.0173
-36.3999
-40.4756
31.8223
42.8182
88.663
-92.7022
-7.59332
-50.321
10.5384
32.5761
21.4245
-79.674
95.3869
80.9942
55.476
65.9114
-24.3369
46.6636
-26.0109
17.2982
93.9698
-92.8465
90.6548
81.2328
-58.8023
79.7764
-40.4089
26.7976
-35.8287
85.1637
44.7803
27.7714
-55.3119
-23.3973
-29.4103
-66.6489
-16.0996
62.9964
-16.9699
94.4388
-4.42757
-95.5454
-85.2352
-9.04063
85.4488
70.2408
-43.1292
-38.8881
16.9044
30.8599
78.4101
10.8743
38.0134
69.0649
-7.89292
79.2111
48.8414
51.6982
6.00869
-86.9873
36.8619
-49.211
40.7841
81.55
27.3917
-88.6262
-85.0989
-88.7078
74.3702
-2.06882
-94.269
-30.0574
2.38575
-79.5043
60.902
-12.1655
90.7365
-82.2273
48.9464
7.64094
48.6326
27.3566
-81.4848
-13.354
-3.57851
10.6223
-34.143
-54.7372
-37.6795
71.8657
-41.7245
99.1824
-77.3453
99.0597
80.7324
50.0465
-89.5665
95.6335
61.3386
84.8036
-6.43535
67.0696
-45.2538
95.9504
87.5653
-84.3518
-16.2151
78.3018
-66.5791
-67.2686
-14.0573
82.0535
60.0879
4.45793
-31.3006
-43.4906
-84.9198
34.5565
1.77225
-22.5993
6.42217
60.0478
-23.4169
29.0769
59.1075
-42.6845
-20.8766
69.541
-47.0511
-59.538
54.3446
0
0
9
9
46.5136
-92.4684
-90.9092
42.464
95.0968
-75.261
-73.7511
73.3986
-41.8401
-41.0198
-40.6587
-59.7866
-80.9318
63.7993
8.91278
-24.4224
78.8795
-56.5308
77.3498
-43.7198
49.8914
37.3976
32.8632
-21.0317
-3.49491
90.1787
58.0917
-33.954
-56.8724
98.5537
-79.6094
89.6412
-93.9148
-70.5186
32.1051
-98.8179
-45.7796
58.354
74.5807
12.3803
-82.6657
-66.078
52.5937
-63.5976
97.7213
-38.4936
11.98
76.6008
4.97568
-10.6702
-67.119
-45.1329
-73.2726
65.7442
33.8354
23.2325
55.9229
-8.07291
89.2786
99.0505
-9.51923
-90.3308
88.6917
-3.434
-60.8494
20.7969
-2.25193
-6.62892
-20.8491
-27.6713
-94.2486
-3.51483
6.25077
58.3451
32.8876
3.97207
-80.1485
-55.1324
-19.4272
24.8272
34.1975
13.4538
79.6943
60.9249
-20.802
13.5297
-15.8426
-64.8791
-94.5432
-26.564
-65.8286
-4.06248
-16.8948
-77.1369
92.5035
22.2559
43.66
-9.74841
-84.3731
-77.1891
62.5803
-78.6217
19.2961
-31.1689
79.7234
-47.8163
72.8032
99.5749
-2.94869
-46.624
24.4021
-68.7512
66.8298
4.09637
92.1737
-53.9722
-82.374
-23.6689
-18.8512
-76.9172
49.7672
15.3202
19.0203
-67.1276
38.1834
11.5238
55.1282
-18.1566
-98.2246
70.7552
4.65426
64.3557
92.1335
-76.0497
-66.8131
71.857
-23.866
-94.01
71.4319
73.1853
-40.6339
-4.16603
-95.5659
-73.8041
99.9303
96.6078
-27.7763
-82.4436
-27.0611
53.3725
-59.3608
-77.2939
-31.3073
59.6595
-44.4215
-93.1239
-28.8167
-89.2933
-11.2806
-27.0413
81.4619
93.3737
-62.6856
73.5955
-82.676
-29.4987
45.4524
-6.542
-23.5087
16.8843
-33.3567
35.8574
-87.2818
-28.9226
62.0533
-87.3514
-32.3148
-65.723
-69.795
40.6241
87.6495
-29.1559
63.3302
-43.6578
-69.4964
-81.0913
-36.7817
1.68684
-70.3846
51.9377
74.6455
-88.9227
45.3114
-88.04
84.6728
62.6354
-17.5387
30.1252
-43.9066
58.9526
-52.9905
22.7367
-5.19005
-40.2723
93.8141
-43.1368
-27.6237
-38.5007
-8.8598
2.58124
-97.8766
-21.2103
73.4253
65.4536
35.1319
-96.0711
84.3623
98.3501
5.61574
-86.0223
50.2878
-19.7387
-74.945
-4.40082
-7.77877
-90.2722
-41.7655
74.6825
39.853
14.3279
33.6351
86.8624
-62.9354
-71.555
-53.4099
-69.1213
-14.6918
18.9664
-7.62202
76.4484
-78.4523
-5.4986
-44.7619
94.973
-40.045
90.37
98.9019
-55.6826
88.7201
4.51766
-41.7049
39.0079
84.7789
-16.6499
-65.3929
0
0
9
9
-22.9998
-6.92213
-7.15836
-48.3174
-67.0692
-92.8305
85.3177
-80.2067
-55.7659
-86.2373
-33.6166
-24.8872
-0.929083
85.3498
67.4908
-24.4807
-93.1025
-38.0078
30.7574
-98.1295
21.9472
21.1274
-99.2276
66.2646
9.84751
5.29006
-75.4404
-51.1446
-9.93102
7.90972
-16.5374
67.0691
-99.0124
76.3042
-81.2482
-66.0816
83.4737
-95.9305
-46.2883
-72.2921
-82.1678
20.0951
2.82066
16.9031
5.4449
-29.6886
92.4224
12.3424
32.3036
23.1799
14.2129
-45.7492
-55.6927
14.9852
-79.4846
54.1548
-79.7247
-54.9249
-96.9898
10.3443
52.9848
-13.5272
-22.5866
53.9724
-37.223
-3.83479
87.8908
-53.7493
0.234701
-58.3975
-26.0415
18.0669
61.6976
76.7792
-65.03
-32.8575
-52.9094
-72.6076
79.4848
79.3943
50.5723
-6.30232
-66.3549
94.8795
-91.3171
-45.8395
49.0343
-71.0418
-0.764435
52.0445
39.3025
-47.7797
-61.4827
-83.2841
-93.8073
1.29422
12.8812
94.0835
47.5449
-86.8841
-64.3141
-78.4966
31.1827
97.3835
98.2826
66.1528
-35.474
-54.6267
93.5452
-55.9892
-75.2325
44.1175
37.7085
-41.5874
38.997
46.3914
12.5731
-11.9687
75.3496
-88.1913
-59.9242
14.6521
-35.971
-21.4069
31.3681
-29.7783
79.8873
-55.7508
-35.6948
27.4322
-42.6349
-0.00885804
48.9357
88.5478
-2.62535
47.2183
54.7006
61.9006
92.5916
48.2458
-94.0886
-82.6409
-7.63676
43.6199
-24.2283
-68.6397
-9.98873
88.3448
19.3916
-34.6391
-99.8465
59.4674
80.013
-35.8174
-61.9395
11.3811
34.4043
-82.0522
55.6303
98.7095
45.3801
-87.0046
-1.29938
-5.68428
-98.4568
96.0753
-58.466
56.2438
57.9759
-65.8744
4.48956
63.8873
-48.5153
96.8528
7.50718
27.2564
-71.7869
97.5184
15.6012
47.6047
-37.1207
15.7548
7.07208
-57.1077
79.9374
45.1326
54.2734
14.3416
63.0804
9.90372
13.0511
8.4605
22.8991
-88.2483
-97.2238
24.4423
-92.173
-55.6898
-19.3139
65.8029
-21.5642
85.1757
29.6902
29.9205
82.0285
-62.8026
-42.8231
-89.7585
-65.2842
72.7782
57.8462
-2.40485
-11.467
-35.0817
40.4875
-31.5297
-89.9491
-5.23909
82.812
73.1313
-95.3354
-4.13691
-18.4082
27.5637
7.61482
-15.632
-47.994
15.4418
28.6783
32.6922
-18.7553
-92.8859
17.8678
-89.0651
37.0347
-0.103711
-51.8677
94.2116
10.1378
-17.1519
66.9898
-32.016
80.4433
-44.4773
32.9023
20.9308
23.9931
42.9532
-84.3083
6.80504
16.0845
-79.6437
-97.3319
97.6763
47.9201
0
0
9
9
10.2829
-17.9556
99.9261
-74.2752
-89.2773
32.6183
6.96951
-82.1632
-49.5139
17.9044
54.8714
50.3824
66.0368
49.083
-39.4798
-51.1151
16.0728
28.5042
-70.6718
71.5955
-38.5935
50.259
-4.41139
-95.6403
65.9507
-97.6064
20.4442
86.307
-94.9382
18.1205
34.2271
15.3447
-99.8352
34.1532
41.0695
-89.1125
-33.2286
-51.961
-71.2757
17.2575
65.9434
83.5957
-32.3601
31.9802
32.6787
28.16
80.8651
-51.2485
-43.3358
-89.8067
-79.6529
18.0707
60.4524
15.9357
22.4304
26.4031
18.3293
-57.1254
12.7101
23.3911
60.995
-53.0628
-61.2642
61.1599
81.0904
79.8053
72.0474
-52.1382
-72.1557
-99.2283
65.1193
93.7877
84.3674
-67.2408
25.7679
17.0461
60.9192
6.63305
65.7976
-82.4166
16.8264
86.1447
35.6542
-22.7212
2.08035
-41.9154
-96.3182
-79.5903
0.959174
16.3919
43.8007
-38.0458
63.3291
82.5365
-76.8859
44.4195
62.3418
95.1615
92.2812
90.186
95.9332
57.4005
83.9737
80.3005
90.1597
9.74165
-2.65339
51.0789
-83.6253
-36.8558
68.6623
33.2011
-50.7111
4.31653
-89.5202
51.3693
62.4011
-85.8383
71.7789
-36.6397
30.5536
15.5797
25.3145
-6.11731
-1.88383
48.4286
-61.6979
-39.5421
43.5901
-69.4166
-49.356
39.5233
87.9839
-65.3823
19.8238
78.1436
44.3594
-82.8296
29.2225
60.7341
-19.6853
-2.11515
-6.06485
29.6036
-97.7986
4.415
-19.0272
64.6025
18.5767
-47.2482
-72.0372
-50.8697
68.3314
53.2773
43.0129
-33.5524
1.70599
81.3151
26.9056
-54.7039
-88.1015
77.5495
84.8194
99.8824
-87.8328
4.64323
78.026
56.5266
21.8137
7.24853
17.2607
-97.8717
-94.8666
-88.8042
31.7319
-92.6652
15.6108
-87.2953
71.9373
-65.8125
-34.5435
99.9001
-16.6823
-66.2121
53.1774
-73.6693
0.235537
-45.1166
-92.3543
-72.8589
0.179551
-80.4558
-95.3094
-15.001
-80.5734
-83.1421
89.6422
97.4526
73.3845
11.4559
4.70117
-9.35486
13.5842
9.83455
1.84095
-54.6839
17.1693
-82.5482
-41.9792
-10.8934
-48.3608
23.4773
-10.9934
34.957
57.2652
-57.8159
61.2876
-42.4992
-2.93251
68.9334
-15.3581
97.247
88.4776
-10.6675
-17.754
-92.0958
6.19036
-28.1118
-94.6432
-20.4252
83.3441
10.058
70.22
-3.07173
-80.1074
-27.9391
42.2443
37.0619
-10.4873
-99.7349
-73.8316
41.1519
23.7424
15.1751
-23.8911
-18.9923
57.3591
-62.6035
38.5085
-45.5734
-93.6701
-76.8497
-48.3263
94.8075
12.4828
0
0
9
9
33.9197
-97.2883
-81.3268
-94.1921
-91.9315
-1.75198
89.152
18.1266
-31.532
-13.9197
38.0191
40.5289
-71.6754
-24.919
-69.9584
-71.4102
1.24942
71.1936
52.3322
-83.5755
-52.6975
-66.6601
73.7836
-15.301
71.8483
-71.7898
-8.9711
94.9987
-20.1161
-14.1636
7.48146
-86.1964
-11.4519
26.1546
-80.3885
-3.38339
-75.5974
-91.2365
-85.2568
-7.12935
-5.15626
52.7623
-66.6004
23.1683
-72.1567
-36.5588
51.7581
29.0927
-65.3652
4.0903
45.5172
-18.0627
37.4302
19.3008
66.6363
9.27851
47.5111
-42.3348
4.27716
-72.605
43.5016
-88.2414
-58.8014
-67.9503
37.9133
-39.19
28.6663
62.3159
-30.4265
43.4095
-44.8135
64.4173
-3.82823
-11.4139
-12.4144
24.0151
52.0274
-60.6563
-46.8922
86.6622
43.434
98.625
-31.4005
-19.1358
17.9258
-64.7641
90.1427
-34.5632
-7.09891
-5.58013
-7.16818
-63.5973
6.17849
34.0304
-31.5476
-55.9083
94.8404
97.1187
-93.5924
-35.5861
40.5282
-38.4058
-71.1688
-63.3001
50.1803
16.4168
60.715
2.2077
55.7606
-86.1772
-11.1301
-0.805423
-87.5523
57.4695
80.0588
30.3735
92.7053
70.2015
95.8104
-14.3936
-35.3787
-11.3578
22.0091
70.7998
-77.3275
90.4615
-85.1084
-82.487
87.5802
-78.7008
-18.0731
28.1083
-17.1066
10.7581
64.8083
-66.9263
-72.825
25.5233
35.2814
82.9355
39.346
-75.8487
-17.8699
51.7937
81.6208
-37.8111
-17.8328
74.3261
-67.6096
-22.0224
-40.0675
-2.9883
66.6198
81.9416
-32.1885
89.2923
72.4031
-17.2969
-93.1947
59.9833
4.00231
-11.2678
-11.9083
86.8957
99.4903
-47.1001
-80.0306
-73.3347
78.4232
55.2508
-90.3992
17.7692
79.4021
-8.26908
-30.4371
61.0229
53.9198
51.7302
35.349
86.3102
-70.2923
95.2815
-16.6781
96.3275
77.2232
51.1334
85.6198
49.6263
-66.1635
92.425
9.60962
37.8388
-18.8428
97.7013
24.7345
-19.3525
-49.3988
44.7039
7.31277
-70.9756
-0.0453239
16.9136
46.7936
-20.6432
-91.3555
-83.6435
-59.6203
62.5643
68.0867
75.7287
48.8745
97.7944
71.0102
-67.8037
94.1219
48.2334
83.3297
79.7417
-2.1403
-82.8338
72.1668
-92.5307
55.005
-46.676
-94.8294
-20.2605
33.9715
-44.2282
-75.5566
-58.7158
-15.2037
24.3981
58.1978
-68.4101
-96.2451
66.8423
-52.0536
-55.8654
29.4066
-83.9669
-80.1367
-21.7189
-86.1724
90.8735
10.4774
-92.0505
39.1069
-6.19292
87.6912
-63.0334
10.9733
59.858
-55.5641
-34.0217
-86.818
0
0
9
9
-50.3934
45.7178
47.1534
5.3784
70.1612
88.4377
90.1747
-5.44072
46.6355
-78.2355
-1.68586
13.4778
-30.289
42.4487
-57.1156
-14.2559
62.312
21.1655
-0.428361
53.1855
-68.3572
7.52114
-7.70754
25.4499
-4.78764
29.2591
-63.5768
-44.9296
73.695
2.40151
-31.7477
-76.6984
-51.8807
-84.5942
28.68
-81.7195
-96.1565
18.8547
12.8398
50.479
40.6192
-88.846
-36.0432
-89.6698
53.6027
6.8412
-3.92576
15.9147
-71.9933
95.6459
-30.8998
-40.3505
3.16702
61.3926
85.0994
98.3794
-9.34827
-78.4774
-46.5503
-35.6532
23.9241
21.7021
-12.3516
72.0435
37.1078
-83.6717
90.324
40.9513
35.183
3.16382
-8.56972
-24.1978
14.3178
55.3871
-13.8676
-32.0796
-37.7717
82.2066
83.8351
-9.76505
77.8525
-47.0647
49.8845
-18.9805
-85.6721
34.9839
-20.6011
4.97966
56.5065
32.8486
69.3264
-19.5693
-45.4493
-43.0252
-47.5259
91.6586
-26.6969
-57.2018
32.6099
-91.5139
45.962
-75.9598
-15.7117
-39.7203
79.4272
70.4207
28.2002
-58.3445
52.6273
12.0353
31.8905
30.4798
64.9706
-18.2251
-88.5006
79.2985
-83.2412
-9.10174
-15.7218
73.2653
-76.2531
-46.3954
-46.304
-21.7024
10.5794
6.17015
-30.0438
83.8825
48.9683
-97.4339
92.3686
-5.06973
-73.3937
-23.343
55.21
-93.9665
-52.9223
-16.5898
-52.311
99.705
95.4455
79.5794
30.1849
60.4161
-38.6456
41.6842
39.7146
-21.8868
-67.4175
-76.0072
-48.6215
-43.6706
-22.4026
5.0745
34.627
88.1767
-88.7554
-95.4168
72.0592
60.2129
-92.8507
64.4279
-44.8568
-66.2445
-58.9151
-89.6468
-60.211
-11.8374
-6.23657
-12.522
-12.1324
-10.7911
-32.9425
-81.9476
-50.375
28.4118
59.7367
89.3396
-93.475
92.3191
-86.6677
-42.0965
-51.3515
-9.07029
62.978
83.2755
-20.8935
74.2227
87.8587
-48.8343
34.4356
95.008
-84.4064
89.5788
-71.2365
-43.3216
99.932
-31.4474
44.841
-6.30453
56.0306
-67.2914
82.9044
-76.9119
-49.239
-67.4706
51.4999
-89.5023
-78.1311
58.0249
-97.1832
-64.7987
-84.0716
-48.5347
26.131
78.9064
-65.2592
-94.7626
53.1291
-77.4005
-43.5969
-12.4353
-82.3925
-28.0033
-22.8565
-53.6289
28.6752
-22.9245
14.9236
-26.4838
70.771
-29.0458
6.22475
53.6754
-5.9577
56.9858
86.2047
-54.4578
67.4835
-91.9263
-96.4329
70.3003
-56.7251
-80.5045
-78.2344
69.4059
98.4019
-43.4935
74.6434
51.531
-20.894
-68.9535
-60.9044
-3.28646
3.04325
7
0
0
9
9
43.0846
-68.2816
93.3146
-41.9917
5.23459
64.0856
28.9625
-88.5407
17.761
-76.9952
68.4451
3.96568
-31.453
35.9286
12.0393
-27.8859
6.2289
55.3143
-8.39042
27.9945
24.7202
-9.98851
84.501
-0.636401
-58.4575
-36.393
30.4101
-19.3619
60.3205
-66.5466
96.8772
3.40514
-34.8282
90.1918
61.4134
70.4064
54.2774
-9.62413
81.8657
-27.9616
13.3807
50.3108
76.0041
81.9276
-13.7606
-11.9566
-45.9583
92.4683
-56.6423
45.6513
20.4629
68.0779
-64.3372
4.96384
-32.5585
-22.7948
68.5708
97.8517
57.8434
28.8914
-68.695
54.7206
-67.7035
-3.52318
44.9124
93.7099
-33.1168
-0.810142
-15.9142
-51.2511
71.2283
97.4664
99.0597
47.2323
79.394
-14.7008
-64.7242
-66.5643
-22.2325
-21.3665
79.087
98.2304
-53.2886
-85.2502
3.1942
14.153
-8.04496
-28.235
12.0047
-50.2016
-99.3436
43.3097
-95.481
-67.0471
-60.2135
49.4314
-73.3372
6.66969
-51.3788
10.7485
55.4186
-80.1505
8.21492
54.4783
67.0818
-12.391
-60.2225
-97.6424
21.0447
17.545
-19.0089
0.131722
15.7754
27.7026
14.8815
-81.0304
-58.1444
-93.1634
-9.2654
53.8602
-43.365
-8.60901
-2.83009
-38.8461
24.3439
36.9564
-89.4147
51.0066
-56.3739
-40.7935
-38.2448
99.0447
-20.944
69.9701
53.523
-53.8621
-42.421
93.3005
-51.5045
78.6237
10.8455
29.4866
-21.2445
-73.3791
-42.8108
93.637
-54.4096
-0.955236
-99.5265
36.325
-47.095
-42.8915
-72.284
50.0749
18.2624
52.0599
-12.9687
28.8477
3.06655
30.6574
88.0543
64.8217
29.7021
-32.8897
34.7918
-16.7749
13.2482
92.3708
-23.4744
61.7437
70.9946
87.3712
-8.76971
-50.25
-86.008
48.4195
-56.613
-40.4175
-52.5357
-56.1394
95.9075
0.369243
0.969064
-76.3765
-49.5559
-80.7685
75.6834
37.4755
48.0792
-21.25
-31.8671
36.1335
-56.4283
97.835
-96.7562
78.3635
-18.9399
16.492
70.7343
57.5857
-21.7644
41.7289
44.9569
69.4659
91.4789
58.9489
17.8854
-65.1341
-81.4686
65.3497
-21.2735
-85.5611
-34.2811
79.6955
-61.9376
16.163
98.927
-86.2542
-46.3615
47.0062
-7.50426
21.7714
-16.8603
36.0674
19.6063
-13.6165
14.4309
-99.3336
-97.1245
-14.8349
58.2522
-18.8889
-73.106
3.2091
-49.423
-81.6271
-37.842
68.4624
-46.7612
-19.3106
33.8121
31.9653
-4.87171
99.531
11.6608
33.1907
15.694
10.5878
46.9364
69.3325
-42.406
-60.5678
-8.89612
40.7338
75.4996
0
0
9
9
-89.2898
-72.8827
-10.0696
-88.6233
-70.0073
75.0956
69.6289
11.1038
-98.0104
-27.162
61.6808
-79.6375
34.996
30.1432
-26.3987
-84.3146
-36.0448
-94.4335
10.8137
-36.5138
17.2273
-55.9957
79.1802
-72.1849
90.9408
48.5127
-14.5909
-69.627
-60.3834
-73.8571
-94.1274
-49.6732
-46.7398
-4.19701
-38.2965
-16.7471
-29.1014
-68.6676
94.3567
-27.1118
4.17031
56.0375
-6.74934
-60.8337
-13.8194
66.852
-45.1483
50.1359
72.4185
65.6654
-86.3779
-10.3542
-90.3303
92.8023
17.4609
-99.3895
41.3151
-97.1299
-69.0165
80.9317
-70.987
-63.144
-68.7415
-17.7268
32.659
-7.038
65.526
-96.4424
24.2944
59.8827
-23.5542
-71.5353
15.9202
69.6964
-32.369
-97.8992
36.5484
22.4826
52.2367
8.96689
-11.852
65.8588
98.6127
-2.18225
58.6611
16.0737
-1.57173
-0.0238771
18.9437
29.4118
-19.0922
47.9567
66.2678
12.1663
-69.7701
-1.07317
-94.8717
95.7559
2.48443
29.4227
55.6386
78.9302
57.8873
-28.4412
48.6267
-74.4817
-26.3404
-14.825
48.0009
-74.1038
94.1419
-63.8511
91.755
92.7547
33.9667
50.4161
8.8283
-67.605
-49.6078
-72.228
61.8067
31.3
75.7288
28.0745
-56.5337
-94.0413
-72.9987
-51.4054
-98.2854
29.4858
78.0172
57.3532
8.41598
35.9045
-71.088
-42.9574
61.4228
2.57161
42.2177
9.42373
28.4679
36.3596
45.5727
20.2229
29.1143
-20.4606
-29.3611
-62.0574
11.9343
21.0311
-34.2854
-26.259
-47.6689
-58.5566
-98.1845
-4.20261
-52.5979
-71.1832
44.392
-50.8833
58.3026
22.4092
-93.5301
-33.2814
-41.6863
-64.618
23.7612
-80.2635
37.9536
-34.0211
29.1603
-33.5786
-97.6615
-25.2671
86.6443
31.4528
54.2723
-42.7168
69.3954
-33.7934
78.3143
-64.89
39.9476
-69.3546
-23.4466
41.7631
26.4428
23.9555
70.58
-29.1652
73.0722
28.8826
93.244
79.5421
95.6012
-48.4423
-85.0759
19.3624
-28.7057
52.8776
85.3413
-99.5455
-80.7009
87.6798
-24.8125
-94.0567
19.1326
-70.5402
-36.7734
-11.472
-4.33363
-58.4591
23.638
-64.386
-27.8137
-99.8087
77.3771
98.6292
24.1468
47.9571
-30.536
-2.78104
-23.1603
-37.2921
-23.2389
-27.5591
14.2657
-8.31489
91.8033
85.5599
-55.4373
77.1446
86.0145
-36.1382
64.8245
-38.7981
-30.1948
-16.0429
-9.3383
33.0317
72.4851
86.3281
74.5726
-3.87697
-78.0579
-53.2411
-3.68563
99.3192
-54.6119
-79.5388
47.2763
14.8521
17.6801
-75.884
77.56
0
0
9
9
94.4412
-3.44303
-8.17431
-13.8737
-11.6397
-22.6144
30.6891
-34.495
-36.5999
94.5509
-69.6706
24.602
-35.644
14.2865
-84.7363
97.3877
-13.2284
-98.4082
71.9603
82.8946
-76.4661
-81.2807
-20.791
-77.147
-35.8926
-0.329814
70.1294
78.9595
-82.6497
94.2454
56.5195
-88.2085
-9.19762
-51.6548
-2.08215
79.1627
25.7308
-71.3931
-55.3324
89.1309
-76.8423
-25.0029
13.7329
-12.4862
89.2836
28.9966
-15.0985
-23.9448
30.5884
-43.1382
-41.0502
54.1223
-24.4189
38.1588
76.9753
39.6885
-62.171
47.1047
18.6479
-44.8206
41.3501
-24.8326
-33.0291
-67.8475
23.5126
64.8887
-88.6848
-50.7566
93.4956
-44.0172
-61.6257
-83.3466
30.9799
52.1072
4.16713
20.2635
-18.8962
89.0686
96.3187
-88.3078
-54.0696
-44.7315
65.8145
21.5115
93.4273
42.7898
-38.8001
-68.7436
-10.1055
79.8478
-13.5643
-68.7554
-44.9847
53.4066
-36.603
78.5278
18.2953
-25.2878
-72.2288
11.791
30.695
-33.8545
28.4443
-38.3251
-81.7473
-67.3885
81.9384
-0.643522
-78.3199
78.2571
11.0487
-32.3895
-66.4744
-23.1368
89.1219
-73.0471
-80.347
-49.6782
-41.7907
9.54747
-69.8303
44.645
40.792
-14.8151
-1.94843
-95.8109
-36.2872
-83.6531
-21.0987
-8.51599
28.1379
-90.4037
57.6295
-43.4178
-28.7288
75.8822
-10.8063
-46.7904
-24.7613
10.8737
-68.5334
86.2874
78.4842
-35.0078
-36.8494
67.6061
-8.05489
-17.1965
-82.0721
50.1544
92.351
-51.9024
-5.20065
33.143
33.2825
92.8509
37.3321
96.9953
-90.8022
-83.7666
-11.5207
37.3357
-74.1703
-53.8912
93.9179
-2.89905
-78.009
-16.8884
50.3105
-2.77033
93.9853
81.7772
-16.483
72.4695
-53.2306
46.6676
40.0755
38.7145
-70.5289
58.0034
-11.1311
-78.1779
-93.899
83.6682
54.9652
39.3835
76.5191
-7.70271
36.3788
85.717
8.53071
-75.142
23.0527
34.3604
-29.0332
16.9706
-68.5386
-7.04218
-99.9179
81.7719
90.1875
94.0674
63.5491
-26.2955
66.5369
-89.6815
-79.6279
6.6124
49.033
-50.1568
-35.3842
-62.0982
-28.3346
-29.2831
-78.4299
-73.3695
-89.8996
98.0892
18.9278
46.4791
83.8062
-72.5415
71.3372
6.85886
61.8189
-57.696
-76.1706
93.2803
35.2618
-76.0885
75.0523
25.4493
-82.021
38.6014
99.1539
84.5158
48.9198
-80.474
-8.87179
-2.0472
-30.6308
55.7441
35.8546
41.0345
-73.5391
57.4247
67.6651
-63.4387
55.5139
-13.4072
83.0405
39.3201
14.0514
54.3776
-53.821
0
0
9
9
-24.1297
96.6817
-29.9916
-30.8494
31.9435
-6.08006
-55.7971
-42.6072
11.8989
82.8043
-43.4533
-3.5853
31.7241
-23.9273
87.5429
-70.3231
45.4418
43.287
65.5315
-13.5236
69.7479
22.9562
-45.8586
-93.6908
-21.5299
40.7343
89.3496
-82.2098
-45.2144
43.7273
-36.0308
30.6559
40.409
33.9776
99.8066
-27.6475
-72.1025
-55.9905
29.7453
39.7964
-73.1863
86.292
-63.7889
58.5378
-37.6354
-76.246
88.2147
-92.1935
67.041
53.7462
-5.71712
36.7889
-23.2975
48.4243
43.0981
55.1726
-10.8414
32.4477
72.9628
43.9443
-23.825
-63.068
-25.3998
-83.416
70.9096
-25.5932
-11.0636
98.8071
18.4163
-81.3183
38.6035
45.23
-95.0263
74.8146
3.76784
-32.6616
98.5686
-8.01745
-24.8551
65.6096
-54.2712
69.4277
2.39846
22.4312
17.8521
-54.5035
-22.3962
-92.9893
77.9442
-49.4334
50.9549
-45.8807
-12.5014
-74.4448
-29.2968
-41.5918
-0.038047
59.6397
-42.7847
-81.6218
78.3214
95.8188
63.6082
83.2951
70.6334
-32.6239
-49.3665
69.202
59.3586
25.7783
34.8116
-94.9126
-4.79393
-62.7899
27.5187
-86.9419
-17.2934
-94.8775
-79.9312
-39.3492
-44.3109
71.0238
14.7701
43.1878
96.5789
85.4733
-98.404
-3.45913
45.113
-41.1887
14.9191
23.4344
-45.3699
-21.4727
6.7295
-74.7364
45.9034
57.363
94.4656
5.26205
-16.8587
29.2772
10.3495
78.3474
66.4873
-62.1319
91.4055
-50.8061
-57.0094
-88.5257
9.8447
-1.32022
82.4981
-75.3852
-58.1324
79.077
-89.9119
-56.5364
-24.3821
55.2011
2.27494
90.537
-21.3645
56.9051
-30.9357
85.365
82.1687
-85.0322
42.728
76.6342
20.2298
-74.1307
5.91142
-69.4207
-95.7833
-27.6013
-31.5526
95.6222
21.5925
11.438
-92.9034
-68.5628
-89.8822
89.5946
-43.948
-48.0146
68.6717
-33.8598
-4.55099
-55.7105
-78.6587
97.7239
-65.1735
-0.0231921
54.629
3.89086
-14.6582
36.7977
18.8586
-71.9302
13.4319
-60.9116
-46.0609
-80.6567
-30.3323
-41.8442
-8.25798
38.1151
-46.222
-86.6654
-50.4469
-39.1254
-55.2282
-40.329
-49.5308
0.823833
11.6564
-80.8591
66.964
-92.8946
-36.5696
88.3053
-95.1707
-1.74303
-11.7179
59.4584
-97.8522
73.6239
-3.74395
21.0064
-98.3063
-90.312
60.0949
-44.3671
-70.9687
-70.2374
13.7887
20.7733
67.8776
67.5667
34.1079
-82.5692
-71.5587
78.8797
-22.8983
-21.0895
-20.2965
88.7581
-1.9486
-53.3325
95.8634
61.4818
-65.0272
-99.3072
-40.2612
0
0
9
9
23.255
60.1511
-38.1134
-3.12111
-43.5928
82.8931
-1.42737
-33.9049
42.988
54.2055
-4.87353
72.7505
-32.0059
-84.1002
40.6282
-64.4392
50.0077
58.0589
-35.9979
28.8874
-64.8393
42.9126
-91.4091
-76.0813
-59.036
-44.7415
-80.2178
-97.5541
-9.76866
-79.525
-37.8153
-86.5137
80.6261
24.0713
10.3652
-62.9668
6.96442
-91.0622
3.12838
-50.0476
63.1433
98.2548
-77.2971
-68.8626
-85.8453
63.331
-33.3017
64.1624
21.39
30.7004
-6.9502
56.5506
-26.387
1.64075
80.4694
14.5771
56.8992
-99.7484
17.0229
-52.8694
-79.2735
79.2076
-39.3831
-98.6474
3.27893
70.9821
-61.6142
-89.7566
79.9199
41.5142
-39.8043
43.0632
39.7691
-17.1014
74.2006
53.9237
-53.7703
-59.1011
18.0861
67.6196
71.5993
-88.8641
24.1703
-54.7877
12.7767
4.63963
59.7894
-30.3241
4.89119
-23.1877
16.8065
25.6177
-43.9801
77.4233
26.9703
59.2988
48.4054
65.3561
69.5422
28.3253
6.87034
-70.2621
-28.6115
-53.3606
12.6366
-54.4109
-99.4369
58.8662
-13.512
18.6492
26.4858
-41.9127
29.7851
-49.3439
3.29962
-57.4382
55.2957
-36.911
12.2377
-39.8131
39.9013
-70.9558
85.8046
95.9212
-93.5325
12.7749
55.2201
54.8729
-21.8689
24.7623
-16.8018
85.0014
54.5002
54.5867
-68.3592
-32.8633
-99.8242
-67.7961
-73.997
-13.3362
50.8531
52.4888
44.7511
-19.3618
-96.8551
-51.9493
23.2
58.4406
11.1397
-64.5623
-81.3725
-48.959
-35.5182
-95.5678
-53.0378
-29.0507
17.2071
-97.8177
-74.1777
95.3381
26.9445
9.02046
80.3395
-18.5553
-36.3929
-88.0197
48.5815
-36.2171
-55.8158
74.5845
50.4467
95.0373
27.0733
-4.80225
-24.3244
30.2182
43.2484
98.8756
-11.3412
-45.6119
-65.6867
7.28633
5.42915
-1.2049
11.7185
52.3914
69.7444
-71.0744
54.5737
95.5667
-75.7363
-18.4818
4.58717
-95.3967
62.9629
68.1943
-83.4164
11.5444
-68.0228
-39.2322
-13.8711
82.4239
-44.1949
-86.7979
-22.3784
31.4807
43.4203
-79.1299
30.3562
-67.9209
-24.7418
64.6695
39.3654
80.6874
-36.5354
-48.9161
33.0787
-66.7909
-19.9905
-12.3476
-71.2242
4.27327
69.1706
33.3629
8.87655
32.1336
1.55724
25.4602
-56.322
33.5345
86.228
29.8069
15.9584
-57.9669
43.009
93.58
73.5138
-13.5707
-85.5499
3.87004
18.5084
-10.2917
-31.4605
-42.1262
-29.6043
32.0041
8.95774
-96.5256
65.2132
88.9673
-8.87316
93.989
-6.75948
-39.7025
27.3519
0
0
9
9
-97.8829
92.431
-71.0909
27.5772
-63.891
62.4436
13.8052
65.9159
-21.598
55.8383
8.92487
-28.0181
29.3521
95.3542
-13.568
-66.7779
13.8626
76.1403
1.76166
71.7364
-53.464
-66.2342
-19.3059
-49.9895
98.979
-30.3386
41.1373
92.968
62.9019
-98.5652
20.3199
65.019
93.8658
49.229
-7.40376
-70.0252
11.6726
-93.5986
95.8906
90.0746
62.2397
4.81549
-37.9435
-8.40818
0.169673
48.4886
24.8139
-85.9677
24.6289
-73.4244
85.7687
71.1649
-39.6586
-33.5372
-78.8246
-40.6796
36.1242
62.3127
-47.7116
-0.973841
63.7475
72.6083
-35.9548
57.6133
21.8373
56.6414
87.588
-66.49
63.0428
83.4786
-76.4155
25.2826
-11.7059
-14.3589
-83.1256
88.4638
-65.8704
41.6883
-97.504
58.7585
68.2639
88.2647
29.9235
-71.3947
-45.2725
51.0989
-12.0742
90.8518
13.4116
40.2142
-10.1221
-22.8409
12.8225
53.9231
-65.2277
-65.3402
10.5645
-77.6397
-31.8302
-26.3927
-94.1611
-8.24567
98.8899
-5.86696
77.3954
-84.2357
-17.4032
-88.475
57.4526
-14.9071
70.2836
25.7165
-26.6424
0.207017
54.3219
28.0851
-48.6941
-57.7524
18.9369
64.7174
82.4618
-91.1852
-58.1235
-4.71569
62.7379
-23.3512
29.9441
-26.6976
-0.990883
98.1139
46.9097
4.84805
-10.1318
45.7996
98.9811
-32.7364
61.5639
-18.4221
-21.2113
19.0165
66.6708
-50.9278
-55.267
-59.9717
49.2793
99.0549
68.1135
-99.4149
-58.6974
-12.9497
65.3026
-76.2356
-4.13483
-92.8209
19.0487
-41.3969
-16.1721
-51.0072
31.9055
82.837
-52.8933
-21.1848
-12.315
36.975
-75.3852
-13.3339
-95.7614
86.1787
68.244
-16.9727
5.19526
34.9148
32.0996
49.9283
74.9431
-18.6212
48.9832
43.0566
-18.0361
90.2858
-69.8931
-52.7335
-85.9498
25.9721
-45.5544
33.0989
84.5752
38.2735
82.0917
16.4807
21.1105
-70.8016
95.2959
-91.2045
66.1734
-80.0893
-4.53834
70.412
-93.9105
-36.2943
-46.5606
11.2847
98.6205
85.5389
-38.7869
73.5636
-33.0823
-89.8037
16.6202
48.8817
-99.5179
46.7272
96.1482
-85.4677
-27.3007
-49.4062
47.6311
-42.7255
88.8673
29.7228
73.7552
9.97777
58.9213
69.0511
18.7733
25.0947
88.9618
-85.765
-4.49327
95.0513
-22.0593
48.9461
6.33603
-23.4388
34.485
67.5491
-49.8752
-98.5973
77.7454
66.745
50.2844
78.2274
13.4722
46.4326
92.7597
86.1715
97.0264
40.3908
-56.554
85.8937
-29.8863
-82.7988
-4.1285
-70.9651
86.2522
0
0
9
9
-85.3552
54.1296
75.214
-71.1202
-50.3637
70.2653
6.82043
98.5824
-23.3986
83.3816
33.0674
-55.8496
-66.4936
34.4702
-78.1042
-99.7486
-15.2454
-99.8767
13.7237
-68.8128
92.883
-0.104807
-71.7864
33.2738
43.3412
-85.8926
-96.6126
60.5424
9.97887
-67.5776
46.7946
24.6237
86.552
22.0087
53.5034
-63.8117
-7.72603
-39.6761
-65.2293
68.8753
-56.2945
67.8381
-86.9742
-22.7881
2.30829
-65.0784
-22.5367
87.0629
-64.9552
91.187
-81.7499
-72.0722
-8.91782
-53.5363
61.2016
-65.5766
-39.4289
64.589
94.9658
70.5499
97.0114
41.7604
-4.8264
83.5634
-36.231
-51.323
-80.2483
56.043
9.00091
-45.4776
24.9183
52.7064
-77.6395
37.9441
-70.0817
24.6688
72.8657
7.38157
11.7317
-92.0895
-1.43145
29.9817
-64.1617
89.6507
76.4454
97.0399
-75.9259
-62.9835
61.629
-80.9601
-92.4336
58.6404
60.8002
2.74001
42.2037
-75.4307
51.4171
61.9554
80.6123
-39.582
-83.5222
5.5306
-86.8756
-61.1617
-56.5253
-56.9574
63.5071
-83.6597
50.4242
-24.7613
-75.7491
-51.0073
-94.7795
-39.9108
-61.3565
81.6659
-42.8709
-37.2824
-81.3176
-81.242
-18.2426
-73.7512
77.3984
-57.4423
28.9888
19.6021
-32.873
-19.5941
-18.4424
-52.2608
40.8238
-1.96466
53.2698
53.9482
36.8736
96.7445
96.9908
0.38073
-86.9151
47.415
75.6195
-62.6643
96.4077
80.8399
-2.57511
-64.9488
62.5058
54.554
-2.23128
81.1882
73.312
79.5262
-92.563
50.7104
-77.9161
36.4258
-29.6875
-10.7892
-83.1683
51.8701
36.9501
57.6555
-50.0946
-9.78009
11.6037
86.7791
-13.0356
8.59446
-12.8402
0.0493063
-43.9906
-37.2207
37.385
-47.5829
-56.3808
-65.1901
-12.5317
-93.8749
89.3639
85.237
87.3133
62.6759
64.7632
94.7503
13.3863
86.847
31.1761
83.6989
-23.9422
48.0078
35.569
-86.9921
5.66326
85.4744
3.2278
-82.7331
72.2535
90.1922
25.8614
-40.5867
-9.75846
81.8708
22.1926
-72.3734
-65.7121
65.8118
-37.5635
21.7562
71.9369
-48.1996
6.99319
59.2502
-85.5237
-28.2437
54.0005
27.8626
-41.3967
-14.8234
11.5615
34.6612
-66.8156
-52.8696
47.6691
38.8476
-67.3952
-49.1031
56.1146
-95.1417
-58.9109
-18.024
-35.7284
31.3306
-36.1532
86.4642
58.9572
-1.8653
52.2761
-78.6063
-80.1091
24.213
-26.8059
26.8841
-16.5368
-12.3296
98.6404
-62.5363
-84.467
-42.7562
22.6403
27.0945
91.9049
55.8247
74.2249
39.574
-5.32764
5
0
0
9
9
90.4709
-49.2131
-88.3119
-68.44
32.7629
-24.0403
62.8906
96.6097
-37.576
21.8478
-5.25563
-85.3
43.2415
14.6353
38.9131
-83.5644
-58.4807
-77.6237
4.10604
-59.8402
-40.16
19.6391
-2.59648
82.4803
-53.2664
-10.6915
38.305
-79.0415
-71.1175
-67.0226
-72.2117
-80.6466
-16.2357
-60.5237
-49.0867
-83.4728
15.4361
-86.1961
-86.8631
77.86
35.6518
7.88128
92.5601
-21.1067
-77.4835
31.4731
-4.6711
-35.9641
53.8494
99.4349
4.19562
-86.3106
19.074
-98.4009
96.1697
65.8076
-9.0924
34.4748
86.7661
19.7901
67.4522
-85.4457
39.1434
-48.7835
-45.9693
90.0568
-32.2562
69.4667
-96.1393
-19.1193
47.3268
39.5124
88.762
39.8868
-81.5943
-88.7215
-28.64
13.7346
-24.6856
-74.7906
13.1696
79.51
-61.1013
-67.7564
81.1091
-64.9315
98.0512
-27.9833
69.5432
84.8172
91.8068
36.9954
99.3716
30.9502
88.2119
-46.5978
21.007
-44.0443
-77.1311
24.8677
36.8363
70.1957
-35.6199
25.5983
10.0825
-17.2142
36.8768
81.4425
96.5205
-87.8088
-93.3482
9.69004
91.7012
-54.4494
41.9336
72.8103
-19.381
39.9848
-55.173
-49.8377
24.802
-63.3662
87.1576
24.1736
67.584
75.3695
77.5758
-11.409
-68.6748
-99.5553
-86.5413
68.1615
70.6404
-22.1612
-6.24015
-19.2771
60.6247
-69.3634
-37.8346
57.1451
-57.1722
-31.1828
-33.1648
-65.471
14.3678
-91.2312
-92.6608
94.9868
48.7536
-47.8338
-54.8509
-26.4444
-11.1999
-67.6933
97.7292
-43.6159
-92.3237
75.3049
44.9751
-60.9985
75.7497
58.4338
-92.837
46.3901
-63.7274
0.922878
-72.887
96.8973
31.5595
-10.7216
54.0424
74.3873
58.0956
-79.1225
-91.0837
-27.5366
-70.3537
-83.7445
-32.5497
78.3999
-31.5782
12.5994
-48.0445
57.2218
44.9061
-50.3154
-86.3941
52.5824
-75.0104
58.581
91.5839
-99.2607
17.0148
98.7469
47.1293
53.2874
-0.330189
74.2423
50.1847
-68.7707
-36.4793
4.22708
-94.3833
-78.3837
25.1046
-85.4671
-5.92022
54.7509
-69.2115
61.5301
33.1508
-0.789752
-25.8705
85.1063
-43.5679
-80.9644
-65.209
-29.962
71.618
-40.2194
-71.381
63.2019
-39.4802
45.6338
61.9488
-92.3509
-1.07875
-38.3813
81.8915
-50.8941
-7.15201
-54.5878
53.333
-1.53535
-32.9715
-21.5624
12.9976
61.1083
-66.8114
43.7861
22.6384
66.3394
-57.0037
96.7678
51.4457
-0.571609
-84.1966
86.2367
69.4664
87.4214
-53.9828
98.0854
50.6233
6.53705
43.7192
0
0
9
9
12.5722
14.1862
-57.3595
74.1908
-3.92234
-8.25361
-32.9612
41.4898
-54.9206
65.5035
-91.4817
23.517
-21.4989
69.6266
56.7056
-77.7128
-7.73502
23.045
-34.7165
-10.9672
-25.5093
64.7119
4.83622
-39.2726
34.1782
-7.74235
6.74467
32.2636
-57.119
-86.7183
-24.0172
55.4532
27.4679
18.6233
29.644
-76.4544
-89.6303
96.6829
65.0354
-44.5509
62.1864
73.5537
78.9661
-59.3126
43.1804
35.6717
-37.0254
-64.5547
-41.2832
28.2581
24.4781
33.2075
-7.03008
-70.6856
93.9349
-72.8518
21.572
0.679593
59.4118
64.453
13.9613
-64.6054
19.9062
-58.5708
54.0179
-50.4498
-35.0252
64.3875
-53.7669
-69.9898
-80.1634
-91.5805
-96.436
98.8027
-50.8931
46.7443
34.4744
12.0815
82.1897
93.1912
-59.6605
6.66782
26.3987
33.3094
35.9822
20.3336
60.4576
-42.4458
-78.9868
19.8694
-77.9928
34.9745
55.264
41.9134
76.4038
9.28183
91.4637
-58.6214
-26.3306
-62.3032
-28.6112
-6.49405
-53.8838
-25.0473
-7.69135
-4.7769
-78.3029
-73.2169
-92.6954
-96.1133
-80.0257
-52.3559
10.5546
46.373
80.9535
-53.4633
-33.2934
41.4111
4.09094
-12.2802
-38.7195
26.0982
-77.3057
-83.4555
-31.9884
99.098
25.8263
-40.5248
-59.5234
99.4957
-2.82802
11.8654
-6.99838
43.2882
86.8181
85.3103
-61.4887
-91.4848
-87.9066
-54.1841
-87.5981
-67.9324
-6.54002
22.9565
78.4406
-25.5865
69.4932
-54.8528
-84.1753
-26.4158
32.8669
-22.8948
99.6823
55.5612
-6.35031
-32.3061
54.6593
-80.524
27.1691
95.1359
-81.0283
-75.6589
7.00126
11.9733
67.6293
-6.1806
-2.71644
-93.8594
2.3346
9.37691
-48.0435
14.7365
41.4445
45.4165
-62.307
19.8851
-80.17
-92.8137
65.0323
-64.3453
-19.2295
-2.10076
12.7599
-19.5472
-46.5395
-93.5904
48.1467
-91.8803
-74.1144
-24.6842
-96.7444
-55.1427
-0.343053
10.2569
56.8306
-32.7137
-95.9237
-45.8859
-26.5731
6.41086
63.491
25.3834
-78.8526
4.93558
-29.2001
-41.1595
-75.1793
-9.37012
-33.9732
89.853
26.2846
46.7972
-12.2477
-60.9555
-72.75
41.2127
-54.5459
75.3967
49.3324
-28.6603
-49.2875
52.588
16.197
50.3695
-37.1551
-26.9725
-82.3443
-33.0788
27.1417
-8.91738
73.332
-9.36731
-83.534
94.4794
95.5683
-12.7341
-46.6801
-79.611
77.8958
19.3467
-89.758
4.18034
-33.8561
-2.00571
43.2248
-6.60613
-60.793
88.6789
-31.2094
88.5395
-39.9814
19.5031
41.1275
76.2156
-30.1274
0
0
9
9
-96.0276
-50.7569
-12.4717
-29.1064
76.3848
78.611
-55.7744
-32.9825
95.077
-61.295
-37.4143
-17.6572
-7.97505
-17.0253
-39.7614
-88.6284
-6.78324
64.4189
-22.4845
91.2111
7.64376
70.9094
-69.5819
-3.67732
-60.3001
-81.0425
56.3413
59.203
60.085
32.5569
-70.9244
64.0574
81.8
16.604
-65.049
58.1847
-4.78508
-20.8234
-74.7978
-9.70812
17.8817
-12.2121
72.6347
-90.0934
70.7627
-67.1267
-78.7218
-36.0206
97.2922
-1.2063
-44.8095
4.936
-30.2969
-14.3915
-98.7413
9.40299
4.56605
57.6
-31.394
-35.3489
-9.84317
-2.31833
-71.2915
-28.0432
-85.7144
-36.3405
-69.8585
9.50054
42.8361
-44.6563
99.7924
-39.2822
43.1316
72.4271
-29.3756
13.8943
-94.6996
-8.0974
77.8737
-97.4073
90.6963
-66.9358
7.52866
-39.6006
18.6727
8.78734
69.8024
-76.7612
-33.6127
-61.5916
-12.1101
56.5441
36.0901
16.5984
-71.4991
50.3757
80.2579
-41.3575
-40.1238
23.094
13.9862
-40.3314
83.8118
-42.8822
-67.9042
-45.5639
71.0121
-62.6038
46.3387
48.8859
-60.0111
37.035
81.9501
47.5175
97.4344
0.622794
-43.6951
67.2367
23.8616
22.6922
-94.3549
-88.2486
-20.7637
41.7352
28.3498
7.73725
-7.88914
8.6077
66.3797
51.9871
-68.2983
-19.6341
-88.3443
-84.4865
37.4837
-56.2485
-30.0504
8.49587
-18.8523
-83.7117
-42.6183
21.1366
53.3234
-60.6682
-31.3459
50.7578
39.9546
24.959
17.9945
-36.1838
-52.3488
23.6396
-24.4324
26.8875
-34.6252
-96.0826
-65.3752
57.4857
12.5251
-98.9955
9.47277
44.2268
-18.6296
21.1285
59.7403
-81.1459
64.88
-70.3101
27.35
-53.9723
-54.0218
84.7317
67.1643
99.3016
-75.9365
-64.1816
50.0593
64.0181
60.7774
-31.9462
-72.1657
-91.5714
91.6935
3.40188
35.3162
-42.9317
7.31931
69.9409
-85.446
-80.1556
70.9454
24.0267
64.0713
-47.6842
-54.8448
23.8115
-28.83
-89.9648
53.5014
98.52
-43.9371
99.4796
83.2517
-76.7727
98.7811
-92.6848
-40.9543
48.8405
71.3333
-80.1769
-83.1057
99.1676
-71.7482
-91.4122
2.56947
63.5679
-34.344
-90.1112
33.5089
-19.79
-70.2668
4.4543
-95.7632
93.8045
56.7701
-50.608
17.616
-72.0599
-40.5728
-28.8826
-73.54
15.4902
-29.403
-90.2883
38.7174
-30.6219
-82.9731
97.7631
-81.7814
88.3603
-82.4138
-64.8871
87.5278
-54.162
-56.2994
-9.9027
-90.594
9.35666
-0.0139229
42.9148
89.5667
29.7193
-52.6309
93.8034
23.5238
0
0
9
9
-95.8607
-56.8046
-58.8603
-67.9206
2.62264
12.2571
-41.4606
-81.8872
82.8541
-31.7489
56.8303
-47.7678
-14.722
54.5934
-29.5492
-26.3617
72.1796
5.56362
-38.8339
-81.9824
49.2642
51.2634
-72.5764
-41.3791
-48.7505
70.3384
-51.8124
80.9688
-82.2924
-58.009
4.49255
-78.1531
-14.8136
45.6323
-46.0738
87.809
-42.1106
12.4656
-94.0781
-59.2565
80.7167
62.7521
-7.02434
-34.0052
17.3455
63.4264
39.6331
-10.4749
-31.01
-99.2008
7.54272
-81.7457
52.0626
34.9663
-23.1249
-96.6879
5.30477
25.0627
84.2809
23.0124
67.0537
-11.2265
44.8592
-47.7599
-65.5942
98.7854
-59.9509
-7.70482
11.251
-54.029
33.0387
-8.03225
-91.2769
-73.9857
57.9625
26.0686
89.4407
-2.40444
-84.4064
-41.5692
-1.60525
23.1364
-23.315
-49.5426
-41.8973
53.5602
-46.2305
63.4074
-21.3771
-61.9496
-13.5802
-54.3235
26.8239
-68.721
-2.08338
61.2297
-69.9355
37.9657
-46.4751
41.3155
83.9367
86.5636
-66.7168
92.6598
-87.4221
91.2457
18.7283
-97.9814
-11.1587
34.322
-39.5506
87.236
-42.5417
37.1344
-62.3066
15.561
-9.30542
-8.53708
-21.0316
69.3174
29.5134
65.3882
-85.006
-43.6627
96.6673
12.9106
-82.433
-73.2683
-49.1237
-28.9081
68.0472
-65.187
-42.3445
-98.6696
-72.5272
-29.7666
92.5762
46.2011
-27.748
-18.5825
-19.4769
32.7014
-31.3465
37.9814
-30.1642
6.34693
-46.4576
60.5304
97.8098
32.5108
29.8478
27.3232
-2.10093
44.8418
83.6605
-5.43368
-42.2476
-98.7725
21.298
8.62878
-27.6805
-10.6548
43.4418
29.975
-9.32432
70.9146
-99.7917
-16.7481
17.1158
-27.5397
64.6693
97.6389
-94.8383
-66.6771
35.6203
-25.0025
39.6698
89.1627
-64.4721
37.4796
21.6735
65.3757
-35.1972
-80.4274
10.2175
-51.5366
14.1389
67.9699
-50.3091
-64.5631
-23.4013
22.0104
24.7822
-79.9595
-48.0147
-84.5421
90.9552
-47.8063
-1.29028
8.07092
24.654
-36.6209
5.70979
29.8157
-3.29808
-58.6699
-95.1868
-63.6283
-69.5073
-59.6589
73.8513
52.1662
-94.2832
-61.3458
71.7388
15.9343
-12.8825
-14.1223
-16.0957
36.8084
21.3147
60.503
-41.1812
-53.9032
80.5435
10.8042
-38.4453
71.4987
62.9978
60.2644
-20.4304
-12.3482
-76.3565
85.2794
-82.5324
20.3454
-73.3906
-77.7192
56.7171
-42.8978
-37.3781
30.5684
-90.7316
-31.6612
69.2226
81.0072
84.2731
-43.6599
-33.115
-31.8227
93.1486
88.1996
-71.3197
-48.0326
-65.7035
0
0
9
9
-90.7762
62.7716
-4.14882
80.7225
25.7694
-43.8844
-39.7079
-86.5788
-20.2409
-54.4286
-69.1112
-99.8955
-27.8191
-46.8304
56.8216
29.283
15.7916
-12.61
38.5514
84.1303
-43.3874
19.5587
68.4034
12.9528
86.4436
-63.4193
6.10135
74.6433
-34.739
58.0687
-91.0602
-25.5151
20.8403
4.79094
-44.7927
-53.3903
60.9065
15.4994
-39.9691
-59.3344
61.0708
-9.08028
-59.2299
-66.7483
44.0893
97.5917
62.5347
-40.1191
-15.0183
1.08613
-55.9888
41.5944
-79.3552
-87.5854
-45.4529
-92.9115
-51.0046
60.6485
81.7317
14.2564
18.7172
90.6715
88.7413
-60.4425
-4.53756
-56.0514
-13.8328
-43.631
59.448
46.1981
-2.96539
20.5188
-62.8821
37.8047
53.7705
81.2072
35.3964
16.3052
-58.9119
-79.6218
-82.6087
-14.9007
61.9725
-61.9639
-2.48603
-83.4804
-54.8754
46.5093
77.1681
-73.1437
-39.2342
-4.11466
-82.4722
-50.493
35.4429
12.9903
-6.54435
-78.3899
69.3593
-47.0964
67.8082
-33.6061
73.4224
-95.0739
-95.8014
27.1929
86.1333
39.595
-56.5019
-72.7786
59.9732
-39.1106
12.3207
21.9457
-1.07451
-90.1653
38.4653
44.0501
56.344
15.6334
70.9064
-82.8902
-88.4813
88.4342
-33.3832
46.9616
1.42449
60.0724
68.5717
-29.2163
-87.0239
36.3799
37.1776
86.3985
41.306
41.3762
13.5915
27.4392
-19.0288
57.0895
54.6606
-59.0557
-82.0211
-33.0187
62.89
16.9044
-23.1841
1.35528
-39.0455
-66.8401
-83.0113
-68.1391
-49.7303
-71.4926
-79.7049
16.8865
75.4691
21.7196
-23.0411
44.0407
92.5033
-10.065
-19.5794
29.6809
-23.6664
-78.2734
-28.9429
89.925
49.1658
52.0282
47.0146
3.82637
92.9726
64.9935
70.8076
55.8625
-18.1021
-52.3764
-42.7822
42.8524
-19.2165
-25.7935
74.7133
31.0532
2.71395
95.0084
-52.0603
-21.817
16.7279
24.8986
-77.7763
9.23125
-85.1663
2.64438
-61.0878
-8.83274
24.371
9.96924
-18.9077
-26.4632
-38.0025
-71.8931
77.3631
-45.0299
93.1003
48.1708
-89.1674
-25.0017
95.7943
-31.9496
-82.1494
-23.4222
42.2569
92.5639
-92.369
-55.0291
87.5723
-44.4293
23.1539
4.30019
80.4694
45.3776
-86.4686
95.303
-51.978
-47.5564
-13.5297
72.393
62.4129
67.5626
-54.0703
-75.5897
95.6694
-76.7071
-20.6196
88.7698
71.4636
-9.787
-36.232
67.258
58.2634
-18.3813
-56.1642
0.520367
-25.8174
-48.5332
45.4913
-38.2451
7.03752
-31.3549
66.055
-12.4931
-85.9773
79.5865
-17.1901
6
0
0
9
9
-67.9699
69.2802
-65.5623
94.443
36.8428
-19.6326
-81.1467
32.5123
3.66029
-1.76631
21.2821
-24.8761
88.4467
85.0501
-57.6181
46.7101
-33.3312
-13.7823
-52.7695
40.8514
37.6845
92.7217
-97.3938
-55.278
-38.6331
68.6613
32.2288
-24.6104
48.2478
-84.9612
37.4344
80.2779
84.319
71.8721
74.7208
21.1618
-47.7605
93.5741
-46.3259
55.8998
-8.19219
74.9561
-68.9763
-19.7455
60.0062
-26.5944
-73.0354
-73.325
59.6232
-25.8049
67.5264
-2.69231
-33.0831
70.1327
42.0297
28.2838
38.7939
-25.7415
-96.3266
-12.9583
-10.7027
41.1078
-32.6804
-26.3838
12.9798
-57.9596
94.7781
65.2193
-64.3855
-51.5479
21.1191
27.4223
-76.5918
52.1428
-92.3232
83.4145
-74.4516
-65.3585
-89.9105
85.1717
8.83659
77.6159
-17.5207
75.7535
47.7486
-75.491
4.03723
-13.4575
-1.23251
7.71061
73.5842
88.0648
-51.1816
-59.0962
-38.319
61.7982
-17.0558
-43.5409
27.0175
18.5587
4.91117
-51.8634
-54.019
28.3194
-99.7205
-46.3422
11.7339
-74.1721
-11.7007
21.8234
-89.0005
97.1359
-0.560741
-6.52111
72.8894
-52.8122
17.9879
-23.0734
33.7303
-83.2446
84.6372
7.31449
-95.1799
-66.5444
48.2183
-33.4989
95.2538
-68.8376
22.9602
22.2713
49.7211
-72.1286
70.4079
95.7021
56.1908
70.6874
-50.6401
-32.0754
96.5153
37.6592
89.748
-92.4852
34.7951
-10.8128
0.99368
7.68447
36.3751
-81.0184
84.6111
-29.8946
-64.2631
69.2483
77.4198
-59.4429
-97.2962
25.6381
7.05821
97.9576
56.8005
-69.9816
20.2288
6.52163
-42.1103
-9.36326
2.22374
-85.9195
-38.6759
51.5837
-17.9949
-42.1606
-10.7571
-28.2469
-34.6458
-75.962
60.9404
66.3478
31.7225
-2.68458
85.3294
16.3336
67.4208
-78.9337
-14.4182
44.8406
-38.3766
-11.7144
-29.5213
68.6816
-13.7568
-72.7208
98.7
-93.528
33.8009
-43.4102
-2.89121
-63.9754
-29.3297
58.4329
87.6083
52.6754
-83.7277
-23.1488
-75.5715
-18.3736
0.889231
85.3689
-52.0258
-67.3883
-17.3157
-66.6964
48.9453
-49.8949
-45.63
-65.4729
94.9457
15.9934
22.8127
-34.5756
-15.325
-90.9441
-7.29638
-16.625
-84.472
-73.4955
39.9647
12.6368
-37.4709
-89.365
-28.9303
-49.8626
63.3104
-12.6581
26.9886
87.7389
68.9683
-72.1222
73.1078
-83.0574
-39.5104
-44.2079
-49.7538
-90.5652
5.89718
4.61617
-56.0381
0.842856
-79.3905
66.7746
66.2672
5.28453
75.8305
-41.0291
88.6595
91.3585
-14.5246
0
0
9
9
28.6243
3.99528
48.0045
39.2593
75.0649
98.1418
2.56965
-37.5932
25.1304
-9.69143
-68.6248
53.0083
-36.5836
-51.6823
-86.5022
19.2085
-1.43606
-77.0673
-74.8944
-96.8199
-33.1054
25.9485
-76.2103
-66.3308
-7.78426
29.0742
-90.5002
51.1866
17.7337
-99.1417
-63.338
-53.642
4.85355
84.6664
85.6172
-20.0815
82.8083
-11.8131
42.3253
7.93871
78.4954
73.7005
-39.053
-58.0882
-77.9817
-25.5552
61.1203
20.5822
-2.62251
86.2259
23.7623
64.2721
12.1744
47.552
97.9413
-95.6099
-23.3738
-92.559
55.5768
94.3599
-91.7007
92.2387
-59.2822
13.1529
76.9051
-73.665
93.0714
59.7134
14.5219
35.3967
-32.3479
-6.98266
9.09722
28.5991
34.9291
31.1155
-96.9561
-3.95061
-48.3023
0.421423
-17.7247
75.46
-35.3065
94.4497
23.0119
-37.3652
98.8399
99.6381
-29.9242
54.4166
93.998
-21.6248
46.6553
-65.2842
91.528
23.5605
-38.9491
84.5994
-16.7261
75.5728
19.9961
50.926
-31.4099
-70.9067
-20.4749
-96.4807
60.2088
-17.431
-0.431347
-88.0935
82.9905
81.844
87.3664
-52.3161
76.2937
10.3784
10.3187
75.1335
10.0165
80.3946
29.5501
4.01447
-41.2303
-23.7945
38.7303
-49.7022
99.7659
99.7812
-65.1028
-16.9602
75.354
54.8933
-66.0342
-56.0559
83.9866
13.4909
-52.5367
44.1954
96.0599
47.032
56.1018
79.0504
28.8759
43.4683
-73.2657
5.1696
-46.1534
37.0531
-19.6969
63.8631
17.4476
-90.1468
-32.1224
76.2173
-13.9413
-93.3921
-73.4849
-14.1754
-93.6109
-38.5877
68.8644
81.743
-83.6944
-97.1698
-74.3129
-99.7078
16.3211
-26.8496
44.4876
12.381
-79.8176
0.589403
-8.56862
49.0584
-55.9423
18.1657
-45.772
-2.09569
-44.7812
34.5311
-38.2326
72.6664
44.3843
29.645
48.8837
-69.557
36.2529
75.3988
16.2676
42.6419
-63.1889
-14.868
24.385
-46.8834
-12.0378
50.072
-46.5912
-95.7167
-76.7775
97.8964
16.6643
-56.5951
-1.51424
-91.9043
92.4633
42.5434
26.2614
-53.3087
-59.5523
81.4801
81.2224
2.21518
54.1465
25.6067
-68.1398
3.03021
56.0497
68.1131
-21.571
-27.6827
10.755
15.2401
57.4493
-64.86
68.3568
-54.5885
85.212
-78.2344
-50.3052
-91.5655
-80.3381
66.3591
-48.1606
18.1477
74.4547
-55.6973
-39.3089
0.716104
-9.00597
1.13889
-17.8038
-27.7836
-96.6459
-63.6573
97.8231
-64.7857
39.3729
53.8728
-96.6727
-82.1981
-73.8099
14.0824
33.0421
83.6394
49.2223
0
0
9
9
1.39884
-70.9491
34.4344
23.1644
-21.2543
42.8689
42.8264
-54.8952
94.7083
-39.0259
-80.4405
-60.9889
21.6652
20.2756
30.0051
-77.1959
-97.5282
-97.7785
-73.8418
-61.1855
-99.9554
-38.6276
78.1875
53.9175
-35.3002
95.9894
80.1076
78.7821
29.0315
63.747
28.0045
-69.5697
92.7979
-37.5611
53.5947
-28.4564
-94.6923
-3.57889
16.6484
-99.9839
57.3952
36.2079
-60.9729
-20.9396
-43.5165
69.0323
1.86448
-41.0447
71.2538
28.0226
-2.23019
71.2984
89.3951
-24.0427
25.2159
-45.9052
-28.0533
5.32347
-67.123
-99.0219
-30.9295
60.8814
-68.5915
-38.1316
-76.6797
85.0032
33.412
-71.372
-18.5757
-49.9396
-71.3559
-61.1805
86.2683
-32.3287
17.8799
-57.2483
-63.2965
-80.2557
1.707
-92.0427
47.767
99.4768
79.2557
37.1621
-24.5659
4.47156
91.2569
47.3807
-90.205
-75.8662
48.3589
-21.1345
85.0153
79.7673
40.7339
-91.6644
64.7705
-25.854
-63.0364
-53.8052
24.2064
-34.3923
-14.9857
10.4746
33.2789
-97.1058
53.2263
69.9824
-77.3615
-45.0667
77.9397
70.4055
-45.5899
57.1954
7.56759
29.8442
-38.333
-1.17551
-22.775
-28.538
22.9583
-74.4161
50.3275
7.97361
-94.6488
-8.93854
16.3092
70.1217
65.2074
53.2728
-83.6834
-10.5862
-81.1195
1.3309
99.8884
52.1594
4.22509
53.1147
22.1418
26.8636
-91.9519
0.0815685
-2.73086
-37.5418
-42.723
-95.1633
92.3024
18.9439
3.66122
-30.4726
90.4059
-73.3804
-4.88875
40.7335
34.5932
0.46244
-68.2051
-49.0977
-29.4158
97.0023
-95.8249
-13.0992
-13.5839
-76.9444
88.2317
-13.6955
75.215
-7.54326
-60.5808
-2.64318
-80.6796
-52.5327
97.4384
16.5895
9.92548
-45.2846
21.4262
2.22791
73.6593
-74.9125
71.7553
64.0652
-48.293
-33.1335
4.79872
86.3002
67.329
36.5937
-62.7975
-62.0868
33.596
-58.6224
24.8139
-79.9879
-35.5668
13.0456
6.31662
-60.3518
-94.4977
45.7358
37.005
-75.1773
93.2031
34.4434
41.4122
3.1286
89.1587
-37.1616
-94.6435
62.818
-12.0741
77.1118
26.8833
39.6329
-56.0216
-68.318
25.9331
-88.6926
68.2757
63.1356
-50.7795
1.87167
-95.4867
74.0344
21.8838
-31.0535
-12.92
-71.7996
8.59465
-7.41769
73.9363
-54.4004
17.405
67.1394
80.043
-41.1828
-29.732
69.2018
21.6556
-24.3755
32.0198
-90.4185
-47.2637
-41.0969
49.2144
-3.28533
-9.4149
-24.8526
8.02202
-41.1392
-61.717
57.2425
60.7324
-57.2037
31.277
0
0
9
9
-17.3838
11.7428
-81.643
10.8167
-79.6626
10.9393
-15.2471
-34.0629
-71.6557
-48.1077
-54.0199
-12.8386
22.1603
-84.8181
-91.183
97.7848
47.2017
-81.6015
-49.4789
-93.8953
67.6128
47.2358
-3.31015
-57.2397
-44.7422
55.5506
-18.9567
-87.4997
16.2831
23.8396
43.7773
98.8993
-64.4176
62.1343
9.71596
-44.0802
-26.9265
94.4689
21.8569
1.4178
-53.6388
67.837
88.5792
68.5215
83.0188
97.3962
66.3063
30.2205
-84.2053
-83.1726
36.3252
83.4075
64.0631
-66.9849
-73.8322
-80.6791
88.5657
7.21109
-68.1787
4.84875
-68.9493
75.5986
3.74805
-33.3669
37.7328
-86.536
22.5529
-89.1936
-92.0671
-55.5902
12.2242
-45.7059
-87.7533
0.803389
-77.1845
95.2656
-1.80037
89.1218
25.486
13.9943
-94.0508
-38.1887
-2.59811
70.0123
-5.17368
23.5697
89.3332
-16.608
-69.2192
-78.8455
88.2407
-38.1685
96.753
-8.01121
28.4645
34.4858
5.4528
-48.9826
45.2922
13.3857
-4.57281
-42.4836
67.6797
7.67392
58.3197
90.4953
2.93947
-43.4806
79.617
-71.5745
70.5137
85.5662
-9.76325
-32.0844
55.5785
85.0631
91.4853
44.9117
-31.5449
-77.7339
66.0662
-43.3042
-15.9025
62.8192
48.6846
-87.4379
-2.69494
-45.8626
-36.4205
-57.4027
67.5231
59.0067
0.113609
35.2028
-33.3194
-41.5667
25.6981
69.6201
14.9527
5.3151
98.0456
-14.5336
-9.11871
-11.7177
53.3821
-53.5402
-26.6546
44.8673
91.3715
41.8004
67.1334
57.4377
98.4963
-48.7691
20.2569
47.1809
-36.207
-82.4381
-98.6817
27.3724
-39.8408
68.8414
-13.6209
60.2728
4.04416
53.0597
-81.2939
-70.2578
22.6798
33.6589
35.0573
20.7253
-80.8747
-74.0614
-90.9924
72.5074
-27.6016
-17.647
17.3747
-36.2301
-75.8466
-15.4919
-78.7925
-77.3503
35.739
41.4644
69.8305
99.532
59.0263
71.1488
26.9044
-80.8145
39.9901
-86.7165
79.4583
-55.9657
66.3432
98.1645
-26.2235
-10.977
31.8234
-91.1661
-90.2517
50.9487
-65.2275
-81.2441
23.4561
7.17086
1.10886
-59.1692
70.9407
25.2623
25.3389
92.1483
47.9119
-38.9221
33.6127
17.7424
-39.3901
-7.36098
-11.1088
87.5143
11.8245
-71.1186
-99.2021
-8.71712
-27.0843
67.1411
-10.5526
46.6922
-43.8359
-78.7293
55.5261
-34.0876
72.2194
90.2985
-15.3317
-4.32455
-2.53059
85.7771
36.5062
-31.5899
11.0394
-38.1549
-39.4416
-41.0487
22.923
94.1711
76.6937
83.5329
-13.1899
-34.415
71.0472
98.6346
-5.53367
0
0
9
9
71.8451
-10.0825
67.382
38.9862
79.3649
14.0742
95.1503
-99.3644
-30.3997
-38.9374
72.855
-40.1011
45.7309
-31.4695
57.3683
31.508
-94.9633
-74.2216
-57.4526
-33.1182
-13.6632
1.49869
89.8048
-19.4921
-21.8076
73.3377
67.318
43.7774
44.3849
65.9527
-61.7563
16.23
-44.1298
-94.3743
-44.7838
-64.7649
19.7
-49.6335
-64.1293
89.3003
11.4291
-91.2743
-50.8009
-42.84
-22.7438
-93.4326
88.6681
-17.7072
-67.6542
-68.7846
49.1746
18.6827
32.7141
38.9794
99.1906
-89.0935
12.3171
66.5086
54.6839
-43.298
32.4612
92.9276
72.9321
88.3314
98.5533
-71.8517
-76.4335
18.2533
-21.4852
-40.5628
7.55355
89.9439
-31.8371
56.7527
-52.8961
45.4191
63.3201
-64.228
-72.2881
95.6659
-33.0126
76.8865
14.3486
99.7016
15.8659
13.5391
-89.3919
-71.817
-19.9523
65.292
-15.1149
-87.491
58.2196
-42.1829
-99.1596
56.7729
-14.0346
-75.5931
-24.9738
64.4802
-16.1559
82.5798
54.4241
52.0071
39.3325
-98.472
-2.57384
2.65256
-62.7
25.1381
-1.68153
4.28742
2.02464
-87.333
3.98898
-82.1094
26.2062
14.5971
-53.9264
-93.7461
-20.1109
30.9587
-81.2372
-61.8913
88.7758
-80.3968
94.8817
-25.2587
-55.9899
-30.0921
-60.7786
27.8543
-47.5123
93.6455
-20.1387
91.8201
95.1735
77.2875
-5.52731
-67.5265
2.4256
92.7912
36.7609
-95.5498
-94.5418
-59.2501
-77.6592
31.6644
55.347
-31.5855
37.9183
-64.7639
99.3732
56.6811
-26.6552
88.149
76.2844
-31.7735
-37.1097
-79.7055
38.1344
2.11172
48.1488
90.6221
-4.24277
-71.9899
82.4422
-9.06924
-94.7024
-23.0851
23.4043
7.72321
-30.294
-39.8348
12.1735
-24.8358
0.915161
34.5143
-93.1714
-43.7378
-97.0712
44.7469
-8.50171
-97.6981
1.42802
64.8431
90.451
-22.2876
-66.9304
-46.6588
-1.99313
71.204
55.453
-53.8444
61.8261
-48.7898
-25.8342
44.2683
42.141
-20.5366
-78.8168
-34.4547
87.1866
-9.11081
25.7105
-0.639962
66.0534
-73.3744
-66.1257
72.8821
-17.1122
-63.1969
17.6289
74.3861
-60.895
-80.943
39.2292
-70.444
-3.23066
72.2989
-17.1027
94.7762
43.5029
-61.6498
-59.0681
5.32898
-10.4396
15.0976
-50.4027
-68.2986
94.561
-29.2196
-2.75337
81.7476
61.6696
-77.0429
-18.8924
27.723
-50.4172
14.9819
0.605074
32.4706
51.785
-81.766
6.8567
90.8901
-62.709
-53.9141
-79.5539
34.0603
-81.6152
3.34333
28.8366
61.8877
41.6935
0
0
9
9
69.7684
-32.7833
-68.746
-15.134
16.8139
-37.0447
-20.573
87.5944
60.202
-38.8255
49.264
83.1591
42.2821
-23.013
-67.2581
-42.7359
77.5921
65.2124
-90.9509
95.8261
-27.9309
99.9391
-66.8829
18.1551
-79.6148
67.1774
36.5399
23.7285
-3.98604
-1.57242
-34.5779
-34.2176
65.6443
-3.32394
50.6484
-17.5418
59.6314
-69.9246
-29.9474
19.8334
-8.75006
-80.6835
2.99248
-66.4679
-3.69649
35.7343
-9.20387
-26.1044
0.946774
-0.154784
-30.2784
73.0159
-0.215638
2.83871
-8.82902
20.1696
-29.9839
-72.2891
-56.1019
66.0301
26.1384
9.32023
-68.1875
-8.21731
-94.0037
82.4609
74.2409
65.6277
-87.4637
-55.7065
-14.5389
3.78619
-36.39
88.4536
37.3183
59.9135
24.1879
-71.8856
-66.1909
-74.8653
27.9596
3.53071
98.1506
-72.256
-93.6306
-10.6784
47.9136
-23.6145
17.0324
91.8117
-57.5844
-56.8292
1.13193
-25.7719
34.9535
7.12822
-43.3111
9.19445
-27.2441
-30.7748
53.4879
58.217
73.0114
-82.9021
46.6706
10.3297
77.0114
-29.1415
38.4441
-89.1795
-4.00682
-33.5963
14.3512
-5.85623
-5.85234
20.7206
83.4653
-57.9388
97.1062
0.49776
-66.1271
-60.4782
43.6686
35.0049
13.7498
-21.3778
-57.8669
70.4388
87.8166
14.889
-60.336
41.3045
-26.894
-87.3247
58.4025
-80.2234
23.005
35.4139
-9.36489
-38.5509
46.2344
86.6283
27.8527
-39.4144
-19.2279
-77.9996
81.3062
-35.7626
-35.9384
78.4124
64.7352
-2.06545
-82.0658
8.40377
-67.0606
31.684
87.0259
-24.9275
2.12279
74.8425
89.9615
41.7868
16.147
-36.9325
54.4621
-25.4505
-17.1559
-22.5329
-90.0366
73.4792
38.9162
56.1978
60.1075
-33.2311
-83.2166
-59.1204
-11.2307
98.0896
5.11697
52.8309
76.502
-30.1479
-49.2345
94.4362
78.2559
-16.2951
26.1202
65.2818
58.7773
-71.757
40.1244
48.7388
70.0297
-43.7286
-88.1937
24.4918
30.8209
-5.3496
-98.0411
40.7843
-31.8704
40.8751
-3.01791
-71.7629
-92.356
13.7655
-30.8833
-3.58671
11.8551
74.2337
-50.7558
-11.6429
-55.9142
0.00965823
-17.2068
-77.6583
83.7145
-91.0866
87.6236
42.4918
-62.8436
27.7479
-8.76935
-92.8139
84.0193
3.03695
31.6779
14.8402
97.6874
33.6369
-44.3755
-34.183
-25.488
52.6066
-5.94591
-17.844
-33.6279
63.1708
78.5692
78.2272
37.4044
-72.1866
-33.4157
81.4903
27.8231
49.3775
-96.168
11.5376
58.2909
91.4555
-45.9705
95.4473
19.2034
45.2601
-97.3666
